1
97 44
	12 18 22 3 34 21 6 26 30 38 29 32 18 32 29 15 18 40 39 15 3 20 22 15 39 36 39 22 11 14 35 42 31 12 44 41 8 26 22 13 39 26 20 32 13 24 2 7 20 41 41 42 36 19 12 7 30 26 4 40 40 38 37 2 25 13 42 8 14 39 21 8 41 40 39 9 20 41 35 15 13 32 12 24 26 43 30 11 24 10 27 39 23 39 41 4 27 51 54

36
1 507
2 507
3 506
4 504
5 500
6 494
7 490
8 485
9 479
10 473
11 468
12 462
13 455
14 449
15 443
16 439
17 434
18 432
19 430
20 427
21 426
22 423
23 419
24 415
25 411
26 408
27 404
28 400
29 396
30 392
31 390
32 388
33 388
34 390
35 392
36 393
37 393
38 393
39 393
40 393
41 395
42 397
43 403
44 408
45 412
46 418
47 424
48 429
49 435
50 441
51 448
52 454
53 459
54 463
55 467
56 469
57 471
58 473
59 475
60 479
61 483
62 487
63 490
64 494
65 498
66 502
67 506
68 509
69 511
70 512
71 511
72 509
73 507
74 507
75 507
