7543 5799
9198 7458
7263 3346
6904 8389
6471 841
7081 1497
1498 63
143 515
668 2559
1105 5143
6062 5796
7504 3674
7494 2378
6510 5078
7255 7680
1317 9246
5362 3175
7850 3434
2669 6885
184 6802
6632 1869
3227 9837
1452 9267
4684 7666
8341 2325
4370 8101
9790 9562
4607 8202
8530 4355
2990 3392
7370 5258
1662 9667
6776 3317
9041 7651
6850 3413
8363 258
6271 473
6456 952
7975 1169
4598 4122
6832 2298
5136 7435
5396 2434
8559 2134
2646 8034
4930 9719
7628 5442
6725 4043
5323 7213
4203 8726
9823 1473
7980 1201
4486 4485
7392 5970
769 7556
2638 165
1307 1756
4871 4768
3016 2218
7036 8455
990 6746
3969 3562
1630 8597
4149 7478
2940 4384
6676 2586
5417 60
6458 5022
1086 7429
8790 5722
6876 9815
8801 8978
1554 5081
4483 5134
1454 2104
9186 3224
7258 9652
3485 6869
5121 3511
5004 6265
3474 20
5916 4693
2303 1534
3631 1534
3854 286
6242 7675
233 5277
3371 8145
5948 3088
6062 3285
9617 8856
8671 6676
6580 4432
7851 9117
187 3722
967 3563
3953 6267
893 2356
9982 5608
8631 2379
2169 7741
3407 2729
1902 4604
6467 6453
1584 8666
4141 7133
5517 8012
8341 439
2238 7516
1341 2403
6615 35
9213 3410
5009 2099
9650 4221
2078 9019
3810 3396
7089 6542
1962 3524
8456 6978
4297 5302
5622 5022
6040 3844
3220 4102
7804 1544
6132 5913
2060 2414
4270 2851
3050 7878
5330 5072
4194 2384
6737 6494
1815 4408
1434 5287
4529 7333
6826 3884
3033 2454
9170 4811
8994 8977
2195 7768
5417 2178
4577 6182
2352 5932
8104 1653
8060 7016
5130 1536
6341 5764
3343 860
3273 527
9027 2678
3291 9797
7540 4544
8895 3844
434 7725
2900 628
6148 2326
9523 4314
3428 3678
1039 4856
9532 8635
4920 5666
3406 2132
7771 4821
8713 3524
6909 5746
9864 2910
3917 7130
8584 9440
2248 5076
4192 760
4411 9176
1541 4397
9911 4774
425 7277
6310 542
1947 8693
6902 6241
6894 759
8669 9781
3730 3717
5232 3934
1075 7354
7521 5397
7148 9739
2295 7477
7821 5900
9375 4562
8669 823
1275 6067
6426 7218
893 1800
1715 6743
5806 1755
1561 9018
9378 7202
5696 5047
1530 4602
8665 1754
5573 4604
1343 9948
1327 8527
4917 3164
9940 3194
3358 8601
1845 8597
6053 824
5260 992
3235 8433
106 2408
2033 7478
7369 673
1254 4351
6926 4939
5350 6317
9330 6747
8079 2699
3862 7304
8048 7874
1513 5063
2030 8804
1215 5528
1954 605
9247 7511
3743 5295
3423 1446
7027 8918
1470 4410
5000 8862
6234 624
7862 4696
6666 5376
3766 5710
5670 291
4363 2158
7883 9385
198 4401
9175 965
5060 9821
1041 5748
3126 5095
5762 5562
5804 8934
7013 1530
7645 8822
3193 972
8553 9106
4147 4635
2578 5495
9843 1946
1190 361
5149 6900
9102 6653
8191 6806
9800 2434
6908 5031
4535 6502
8897 1877
8820 308
2192 2916
6939 9652
397 6173
5587 8236
301 2460
9053 2428
267 8899
2873 6914
8845 25
1943 7155
559 1356
5172 6842
2314 4729
7719 9396
3752 618
3509 6972
3685 8259
5572 6903
6425 8664
1626 5977
6508 8489
1870 7254
7250 7524
6508 2214
2388 4262
6190 6068
4728 8129
5408 3151
3658 5038
5515 4025
534 5403
3242 7820
2975 278
843 8097
3764 2861
9220 9920
4248 6959
4248 7757
9955 3941
4099 3136
390 8362
1207 419
1085 3806
9739 6012
2239 629
2933 3291
3648 416
3615 3691
2761 7360
2917 1126
329 5472
3628 2752
9057 42
3969 2907
5567 646
9984 3114
3688 3294
5123 5604
8487 3690
5279 8312
1775 4803
3416 3469
2691 3452
6664 9775
3427 4679
322 1151
2748 5018
8599 7550
7881 2444
6522 3105
6326 2640
8308 4375
7703 4318
2486 1322
344 1914
2329 5251
6403 5579
4592 5652
199 1584
1656 1820
6926 6504
2525 5430
3358 704
5815 3541
8327 3698
5619 7946
8470 34
4860 5707
9571 7908
7539 9487
5886 6856
10000 321
8526 4654
7669 6104
9385 6939
2066 1685
9424 2907
2973 6111
9153 1225
4724 3661
9334 9431
9465 4632
2824 6460
5978 3755
8896 1979
9626 3704
1125 8030
8730 567
2139 7044
2048 5250
8365 8846
5036 8457
9613 2579
8988 6276
2511 8187
2160 8247
1775 8587
6828 9205
6247 5811
305 7613
3799 9656
7607 4548
4318 7321
2530 1013
1416 1837
8430 5685
3361 22
7100 4302
7216 2840
8177 656
8092 3666
9527 6811
6492 2851
1192 1311
1884 9502
2599 4270
8412 9888
9869 2692
7046 9216
2031 9399
199 8594
8404 3442
9434 4074
4583 5547
5806 9675
3040 6819
3983 5666
8613 4423
6758 1958
2938 8619
3106 2106
3691 8309
110 3001
4357 4455
1681 1093
9310 5740
997 6431
9898 135
6130 727
3092 1399
2050 8402
4918 5842
9684 6903
1439 9346
802 3396
553 3972
5762 4709
8470 2751
9445 683
3424 6199
6523 4839
8455 8899
4721 160
2408 6210
890 668
9018 3589
1330 461
466 9817
416 5365
7420 5035
4630 8020
1210 9380
7470 5554
5939 6803
844 4395
8430 6105
4956 7465
2780 6771
9118 6616
8846 5606
4624 7156
8060 4253
9922 8665
7492 6747
7558 6038
1567 1295
5491 1783
6147 3594
9102 5423
4626 8646
8361 4448
1089 4915
9595 6893
111 1688
7509 5063
8603 6574
7674 8858
636 8902
3319 4632
146 3165
5362 8988
4338 1009
7360 9179
6336 1130
5996 4281
3012 1739
3284 2896
8644 44
8530 8580
365 3172
9667 7976
6707 5345
8967 411
9040 372
4066 7292
5154 18
6571 2505
3200 1209
6007 1397
9501 1677
8716 6348
5279 9455
3649 7720
702 5739
1651 900
4927 4172
7686 6041
530 4730
583 5599
1751 203
6225 9706
342 3830
5608 3407
853 9057
2921 8303
1355 3730
3918 2454
1805 7651
5213 3157
5532 5723
7621 3929
6280 5600
7583 105
4704 4597
8139 3771
6520 5671
9049 4977
323 1024
9661 2369
1712 2312
3959 2643
8696 287
1425 2012
6474 7292
8529 2936
7631 1174
5374 6206
1129 307
5696 8183
8032 3533
9358 1340
7845 5529
8259 2767
8264 3385
2275 4209
2484 5888
9157 5397
6997 415
8821 5235
3759 5829
187 8706
1688 4423
2805 1066
209 2823
8480 8202
4997 7646
6626 8288
1866 8447
5595 8225
6548 4836
5762 6746
5326 8927
854 3586
8059 3720
1344 8345
5523 875
7214 8259
7205 4268
8169 9122
8149 9508
1548 540
1730 3981
5443 3725
4411 1141
3640 7589
1146 5391
6114 9726
9190 6684
8085 2601
9902 9285
4829 6510
808 9862
6428 9662
4096 8605
2727 15
6900 6718
5195 8959
4708 9224
1059 3594
9101 4954
8975 8345
8812 6503
400 9264
2928 1634
5661 871
114 7213
475 2225
6780 9753
5655 1134
7378 485
6076 6299
1981 8125
4526 4032
4005 3854
2505 1158
1017 4205
1051 1405
6504 8325
2930 8149
6862 5924
572 9543
3086 4979
7060 1009
2972 8718
334 8503
3394 2052
9614 649
1713 7183
538 8698
7351 9443
6061 7096
363 3041
5142 7132
8954 3736
7849 4937
7947 2043
1426 7262
1226 8574
7263 6814
4138 3917
2549 8702
2374 5770
3161 6527
2748 7406
2599 7120
7350 8020
149 2483
7540 9462
1288 3852
7276 7466
9207 8882
1902 9426
6913 9069
8246 8190
2840 8228
8157 2363
5613 5494
9891 2640
8660 4786
7740 7240
7994 8390
9111 3608
1981 5073
1225 8781
3308 1747
3973 5018
1812 9679
495 7899
426 6268
4495 5548
8675 6140
9458 7711
9964 3297
6895 8240
7548 114
6953 1318
565 875
7291 7333
2218 494
4861 5163
8764 737
949 657
4310 4735
9566 5586
5270 3060
3213 5567
6468 2849
2010 8546
6307 9965
3167 5675
6709 701
4925 1964
5810 4710
8694 1436
6353 4069
7084 5138
8764 530
5136 1272
8133 5218
8971 5041
9247 5884
2745 1057
1598 8785
9529 1858
3041 7375
1496 4818
8180 7798
9801 3622
6227 1337
4171 3246
5641 8905
452 588
1880 7483
9381 9254
9254 367
5786 9588
2068 9093
7172 2045
6945 2081
1325 2497
418 439
1863 5741
3806 5392
2033 6152
6052 5250
2627 3725
7356 8285
28 2539
9927 8268
7780 9987
6242 5802
3562 7371
1248 5075
1650 446
4909 4831
8485 7047
8702 17
4463 2292
5012 8688
5469 3042
547 1417
4896 7057
68 1365
4925 7144
3227 4647
277 3781
4764 3757
5267 5339
9451 101
3899 3046
6537 3020
7592 3519
5022 4550
7441 246
6365 4368
8342 517
9861 131
6037 2804
3086 6239
9726 1142
8895 1222
7609 1685
3893 953
4923 2252
9115 7216
7772 1034
164 3628
5358 3227
1762 7820
1826 5408
8589 5383
9055 5801
3917 7701
2872 5620
7033 8788
4338 8510
1217 182
4891 9221
5716 362
6652 7622
1356 1997
5117 1188
4133 9636
169 5447
8707 9887
4084 2029
6723 3007
5940 9109
6925 9219
2702 3893
9981 508
4912 1125
1504 3427
5513 1936
8082 5841
1919 9430
2224 5467
9729 4950
3013 7623
8402 4913
559 6094
3332 1037
9413 7466
1300 800
2452 6935
9631 7011
7693 3725
9711 7705
9168 9736
2059 6985
7929 8064
6076 2292
9427 3616
3851 6401
2475 6661
2501 18
9516 5278
4437 3827
9022 6243
1489 3303
1831 7903
1561 7235
9372 297
8924 721
7646 1170
8212 3171
3829 6569
4158 2278
6578 4839
9235 8624
5162 5578
9939 8429
8358 2056
1356 6633
7229 5486
8126 6172
5391 6027
6110 5930
9460 3676
2498 2867
5059 5416
3364 7578
1107 8463
5592 7417
8028 8978
7480 9239
3897 4117
7348 7109
3584 2278
3379 4257
246 4751
7510 1000
7111 8217
9106 7254
271 6278
2758 6959
6150 4981
3552 279
4865 698
7204 4209
1081 5565
4928 1887
2979 2550
1720 7757
7591 5190
3147 2904
4346 384
9629 4950
5803 1892
6373 5012
7001 3852
5991 5424
8179 5436
110 5153
3058 3117
6569 6488
990 4272
6928 3071
3435 3118
9425 5981
8098 4082
8983 5682
7527 8345
4455 3970
4924 1226
3798 6934
7362 215
2387 3330
2516 1777
8071 963
8163 1424
797 4977
7015 8090
1419 5325
8274 3501
7500 6002
51 9081
797 5236
7380 3380
928 6555
9868 6382
3147 4338
755 9797
3964 5169
4733 8600
1905 4706
9803 5560
9143 1451
7324 3942
5119 4231
3248 8393
8520 3460
2106 4870
5548 9965
8588 5040
3877 1105
1855 1917
1438 21
1086 9559
9538 5712
2703 7359
6578 4422
1504 1565
7638 7305
2715 9491
4568 259
8511 461
9066 8500
362 989
6186 6388
8412 9530
6204 7522
7072 9883
2123 7429
6828 517
3107 9048
6152 3940
793 6262
8236 6441
6847 3365
7421 4367
7807 9844
5187 1671
2985 7096
278 2056
5793 4719
5092 6473
6521 762
9736 8002
9533 9044
2406 4521
5002 5548
6746 1371
3146 748
6463 9776
36 8726
1420 8377
474 1464
5246 8026
4463 1541
910 9798
8607 7469
2977 3513
867 721
2537 7641
694 4844
9365 4361
9403 1592
2860 9845
3480 9203
5904 3533
3296 6857
5528 7520
142 8665
3311 9273
5118 1538
2038 2510
8463 2328
2804 250
6044 5321
2042 2225
6613 9608
6115 343
7930 1695
9686 5562
5450 8613
8394 2890
1068 6300
2768 2259
2997 7893
6222 6485
9423 9353
7308 628
3684 5942
9343 3713
2232 3597
6777 4565
2437 1129
7011 6105
9737 4620
4079 9825
3125 623
5730 3510
3308 9484
1049 3253
4421 1659
943 8797
4326 2047
8231 9816
2004 9512
3159 5730
7172 7751
7774 7556
3581 9457
1526 856
417 1466
4428 2316
3643 1811
1221 9449
793 9856
4732 534
7947 2394
7783 1942
3249 3742
8901 2740
5817 3071
4224 5001
1335 4918
6392 7745
1748 9051
4292 616
9029 9132
9973 3194
1810 6371
7690 8559
2477 7160
8256 8117
5848 5339
7933 4207
7821 1298
6274 8166
9427 1929
5229 3655
38 3292
5727 8329
2105 2829
5000 948
7774 5911
226 3786
8759 3873
4532 3453
6333 2549
7833 9745
519 3743
4867 2315
2946 4501
7468 8593
2689 3490
331 7224
7670 8926
833 4884
9190 3729
2113 3060
8434 7215
8313 4267
7014 2127
5230 6258
6274 8264
660 8481
9554 4961
5828 2423
6610 752
8152 9403
7617 2315
4509 8247
8355 3517
1097 8737
7311 2473
4554 5219
4622 3558
842 9180
3514 5896
3460 7514
2921 5512
7478 4559
9 7189
1244 3198
8416 3024
7529 2699
1217 118
4591 2667
8872 6776
4114 5279
7758 3562
4528 9033
1722 6992
1717 6164
3678 3076
6681 3747
2711 2336
4456 4709
6436 5423
1553 7290
2326 7882
5587 6638
4110 5494
5782 1671
212 7898
1517 346
6855 2849
2549 2726
1703 9087
6410 8629
7332 3076
542 4226
3455 9660
4064 6238
6401 1606
2026 2358
3091 8461
4440 6327
4520 7697
634 5516
7984 5056
346 8720
8365 3055
5368 9559
7608 2622
2480 8167
4141 1920
5745 2682
142 9383
2480 3098
8562 7385
7613 2773
2659 2355
1733 8053
873 8540
6257 5288
2279 6439
3957 992
4535 675
172 5042
7042 271
321 4237
6533 8783
153 4930
5605 582
135 4036
8036 6140
6210 769
9112 1209
6374 1973
322 8333
6739 6209
2039 8921
590 8172
1479 4500
7939 9018
5403 3928
4837 4921
76 1688
6053 1814
8969 1902
6274 1781
7382 7262
1045 5377
4952 5650
3382 9029
939 4598
4172 2985
2463 5615
523 8780
1765 5391
4776 6636
954 7612
9175 6687
5836 7809
9526 5982
3168 9231
1693 1365
5488 9218
2802 3969
6914 6830
1101 8717
3843 3895
4158 246
4844 9775
7464 1915
9720 4554
9649 8400
357 9852
8773 3986
9957 9656
2976 439
5581 5227
4198 234
1507 1463
9184 5723
8064 3738
3916 821
5484 9580
6559 5612
9519 4720
9682 9497
8411 3193
839 4314
7436 7474
432 4937
201 5825
6366 9655
4227 5181
6660 7386
3753 613
8370 5887
8599 3597
9848 1520
480 9832
6257 3236
3229 9867
288 4529
1946 884
5049 3699
1907 8045
3040 5919
8364 1650
215 1400
4754 1001
8882 5830
2647 9736
8440 3557
9962 1895
142 3767
7393 1306
7004 3613
3974 3622
420 5336
8612 17
1387 1903
2267 6151
1332 3116
3951 5747
2412 5378
8402 5373
1051 8114
692 7424
7174 4743
7402 5014
8714 1447
7068 4898
5587 7361
2690 8067
4025 6774
8945 7117
2378 9235
1983 9407
6496 4873
2476 7623
9429 8990
6444 1208
8800 8292
3298 2408
5845 9160
4529 6842
5494 3377
9117 6234
4360 8466
7427 4198
4344 9339
6419 6441
1211 7658
5635 1515
6321 9197
8941 9965
8265 9959
9277 6574
2567 9872
1052 5391
7790 6096
4462 4435
2697 5154
38 2656
7720 5694
1159 3967
6911 3853
1122 6699
2035 863
8609 9359
9690 9297
7208 2936
5972 6162
9245 8069
5554 7081
9711 4423
438 729
4494 7302
5917 8541
3977 2191
3804 8703
9228 7634
1365 6734
4392 1019
2266 6693
4850 9499
823 1431
1126 3365
9454 9699
3463 5116
907 5925
7854 4153
1037 2002
3078 9892
5270 3614
8309 4494
7703 61
8944 2073
2555 776
8282 7233
6439 7094
3796 752
6473 1494
6375 8650
2460 9348
220 4368
309 3699
110 5867
8179 5628
3123 2298
3571 1419
6613 4637
6914 1074
7110 3650
5326 3421
3914 4042
4244 1024
7965 4637
9681 898
8502 8453
3682 7609
2050 8101
7260 3378
3209 6185
3700 3054
2583 9566
2224 5764
1056 5710
4691 2951
4146 8231
4098 9469
6737 9014
4834 5711
9012 5752
8892 8778
1072 9406
1758 8290
6185 9597
538 5510
1333 8974
2335 8911
3471 3295
9367 6887
9913 2422
174 9104
3666 6127
3961 5850
2319 2144
3674 2902
9584 4392
3710 5656
5283 3962
8529 6388
5834 911
2682 6316
5409 9609
6358 5206
8128 1210
5128 9660
6277 230
6662 5691
927 8575
7842 4812
303 1411
17 1116
5081 9080
9246 13
2939 2317
150 4207
2860 3614
487 4329
1437 1956
5028 4349
7475 9443
373 7458
8658 4559
2928 5148
9767 5900
2712 8651
6088 3446
1948 6013
7501 9943
9496 8726
9173 4773
3362 7149
7954 7663
6275 5801
1924 1608
1522 1293
7640 4996
6872 6999
4579 6404
3997 8830
6472 8251
362 8161
941 4940
5048 2881
3843 8615
6252 4554
8960 9066
2508 4971
8903 9141
9650 4367
1584 3554
2593 5890
1748 7085
3835 1174
8158 3074
1367 7304
1505 1266
9327 8590
7923 4897
4595 5606
223 6929
3561 2920
6718 851
8204 5365
6785 4223
6292 7429
9390 9640
4408 3198
731 3156
2695 3874
7725 5977
1566 7616
6437 2697
7178 1436
8248 6557
2986 4850
8263 1441
6299 3602
1804 5888
2397 9034
2093 5911
5952 9232
4516 4861
909 9447
2567 8742
3904 8684
3948 9045
5927 5282
8457 1638
2948 793
3544 6957
6065 8796
8667 6368
3806 375
2809 3371
2560 93
9416 2278
7089 5654
192 127
6276 8247
6596 9246
8021 8015
7974 3459
6082 3255
5404 8786
626 7295
1135 4847
1609 9707
2258 2771
1310 6928
4322 5899
4127 7080
8101 6105
3908 9249
1522 6493
982 2609
9317 8556
4369 971
4535 8270
1902 8239
8937 6129
4175 7667
693 2979
3490 5039
9984 4191
8210 9058
4947 6125
9171 1401
6578 8608
1019 7502
8693 2174
6393 7838
6764 6531
8297 3758
9230 3349
2442 1495
3894 1085
6974 783
9947 9984
1598 252
1154 7228
5972 9324
2665 4898
3426 72
419 6722
9871 7789
9291 4634
5210 4741
3607 9727
1496 8382
1326 2082
1124 2304
2791 4961
6991 3607
5365 168
3060 7659
5195 7978
8785 4759
7296 6518
5544 579
4040 8900
9941 2755
8233 9691
3979 8372
5450 8766
9613 4795
2994 7049
8651 9533
9975 141
4099 8260
5392 9350
7522 6179
4548 1253
1815 4049
3386 5265
3386 3367
5982 5455
7831 1101
3893 5914
9026 5111
6383 1185
5075 508
2418 2378
1369 5109
8802 6024
685 1160
5619 1806
1704 3350
9058 9429
8138 5778
7288 5489
1012 6305
4184 991
5230 5107
7130 1912
5459 3136
6049 8631
2392 5255
5255 5620
7457 9527
9824 6423
3957 20
5126 6847
1966 709
1951 6704
5661 1411
925 9200
4753 6849
8738 4238
4793 1038
2380 3837
1090 1332
7092 5450
8079 5376
866 3134
8121 200
8531 4333
5287 3921
517 4899
426 2604
6945 9683
6844 6431
6144 4010
2698 5768
7938 4732
6393 9810
2232 1744
9665 3684
3846 2358
3798 5360
6074 7411
2287 1132
2208 3753
9487 1086
102 5989
1179 8446
3794 5802
4498 4387
9073 7995
8009 3551
4531 4264
5768 6844
5137 635
3814 7080
3317 9033
3229 6347
2031 3854
7389 5580
151 8573
246 2148
6324 9146
9400 7532
5528 4395
8088 347
67 6268
6907 4454
1462 9059
2774 1377
8184 6803
7501 1240
2479 2976
6624 5925
6332 8019
9464 6395
9065 4821
8946 9198
6957 612
6069 8961
2480 9537
7592 3718
4365 3291
4345 9716
4923 8889
6177 7052
6707 5506
575 2822
4798 3554
7395 492
6768 9246
4961 9044
757 6018
5603 2127
6520 3360
8770 3894
5047 8336
7333 8005
5055 1943
4967 8783
8477 1586
5394 3806
9425 5745
9038 9744
202 125
720 3239
6257 275
843 926
5332 3403
395 9991
9052 1684
3681 7249
1502 8482
5756 5460
1112 4307
3141 4406
4594 176
1104 5249
9037 7829
5166 2867
5543 6247
863 1166
5789 5624
3300 8635
4782 1025
9379 1572
6377 2186
3329 300
1289 3013
6943 5527
4452 7627
7944 372
1421 2178
4065 4738
6041 2154
3935 3619
7136 3517
7926 995
1916 9670
6675 5810
443 5001
5730 9597
1926 747
7910 9714
7319 1354
3089 7353
5112 9965
108 1772
4109 8288
1424 85
2753 4128
2034 931
2407 9373
9058 890
9278 4438
473 6898
1282 3896
1731 6502
3568 5742
6491 7950
4697 8322
9383 5089
9230 8188
648 538
1858 7633
2983 4287
4652 9368
4830 6996
7558 2640
9366 644
6170 577
2767 6937
3822 352
3342 6929
5366 9375
6109 8110
1368 3576
4010 6462
2104 2325
9551 8756
1201 3794
5455 4879
3325 4980
1059 2395
5546 7902
8659 5729
1807 8674
6272 7228
5474 919
6452 8653
5015 2681
149 1532
9635 114
2875 9539
8994 6821
4877 5727
4003 5174
8772 1147
9746 9700
6763 4366
267 1049
5220 7796
4335 5575
5467 3413
2649 2397
9947 6697
8361 9588
2602 3318
5809 628
1590 7522
5683 1184
4073 9115
9653 5772
7460 8510
6541 1388
9287 5478
113 4475
2449 6844
7589 2431
8887 122
8579 2475
9829 1792
2888 7701
3053 3146
8139 1581
7010 9052
8788 1181
8205 5575
8223 4780
9629 7285
9939 2624
4272 9325
3878 9112
153 7053
1637 6450
6820 3940
3613 5018
1031 4476
7689 867
3207 1807
3572 2646
4007 9430
9405 7968
1849 995
2445 6941
3137 3216
3992 7837
2137 8264
2469 2350
2913 3979
2078 9573
4049 5521
9596 252
9969 9114
1435 4163
5134 4977
7287 1032
3276 1404
9204 5851
6613 6693
2815 1745
3616 3468
127 9814
5660 2661
9265 3379
13 6262
7698 4059
5542 9435
4836 4059
3966 8329
2519 4327
4579 3668
7106 5447
5274 3646
7098 1534
3828 7138
2707 9936
6701 8665
1733 3453
3512 5504
6645 1413
9682 9611
3413 1083
1450 7325
8413 9118
1797 2337
5753 4506
6069 4328
3515 3746
1527 7355
3430 7757
2343 5492
2520 7616
804 4346
3067 1357
5558 3848
4402 5036
5937 7579
4394 3163
7838 4816
6397 3263
1583 40
6528 8271
5901 8080
3693 1723
7682 5615
4855 4710
2644 8284
5335 1299
8860 123
267 7185
4948 334
474 7994
4415 4054
8755 2107
5825 7516
3149 1488
6682 8963
3147 4315
5063 4270
2825 5522
8721 5936
3557 1121
3352 6871
7148 5222
791 2084
9787 6973
6988 5225
5666 6329
4848 1711
7270 3913
3341 7571
644 9558
4788 3742
4765 7116
3578 9754
268 8732
8928 3227
3011 2470
1200 924
2521 5467
2390 1810
3546 4368
4112 3219
2340 5750
2415 6124
7516 3751
9156 2617
2398 8602
8447 4697
6321 8252
8749 3849
4428 5089
1973 4067
1658 9297
1548 5744
3825 2354
2260 3491
6027 8714
360 8218
4039 2944
1281 8811
4363 7861
9388 4507
2199 2480
3225 8221
2912 6943
7966 1766
5179 6519
132 1591
5906 3085
679 3451
1127 8192
383 6452
4473 5815
2730 334
8301 6265
3432 1606
5916 9628
2186 7428
6335 9162
9539 5250
1898 8737
2625 9125
1421 3850
1912 3704
416 5677
9210 5755
4058 1479
9247 9751
8586 4711
3999 7391
3298 747
8268 4166
3161 691
2363 7053
5649 200
7839 7527
4557 6771
3742 1986
8682 7788
1537 1059
9702 1673
505 3822
4184 8580
7572 2240
6461 8170
1122 1087
3863 6571
2661 5169
856 1921
4239 4891
767 3616
3177 9052
2274 2505
2876 7268
9510 7799
2640 8153
4469 5922
6038 4367
8059 4392
990 3779
8662 82
333 8328
7581 4165
2095 3709
577 1500
3114 1814
5140 9543
1882 1492
8686 4908
5760 6051
2197 1052
2990 6670
8063 4696
2048 7258
3922 9135
5753 2150
2831 9176
9227 8726
5153 6707
6193 5477
2644 8392
6310 2022
2496 4395
7759 6309
4516 769
434 76
9798 5953
2340 9137
1754 582
3031 8494
1125 8688
577 837
4075 3454
2023 8447
636 2082
9693 8629
6278 3829
3511 9254
1215 318
491 9614
1830 9597
8317 6168
5828 447
4688 4768
9599 5123
6155 8515
5125 9878
37 7429
8348 7974
5954 5482
8621 4622
5294 1321
5573 7593
5136 8978
3952 7884
5199 480
6328 9501
2179 5313
1935 6532
2912 2405
3525 1291
9312 2072
6860 8166
7086 1353
5604 4567
6677 9064
5191 4818
4264 5248
8736 8978
1759 7365
1210 101
9353 2033
3010 7246
8540 2448
7605 3834
7389 36
231 8128
3116 4823
4183 9192
7883 7281
4951 1762
3973 9863
5571 4165
4462 5097
8988 8416
7294 1996
2028 6866
5792 9058
1735 4380
3455 5536
8099 6311
8731 8202
1139 7886
6955 4383
6536 1905
2044 6459
9049 1203
4977 6248
3453 7430
1837 6280
913 9803
9974 3385
3333 5723
8099 7960
3395 9803
5369 4248
6873 5208
4503 848
6767 9010
7530 3557
3501 5196
8984 2124
4915 674
335 2978
7825 2599
1468 57
5452 3590
2186 5445
1550 9014
3125 6760
6999 5457
6858 9002
5175 8735
5668 774
3878 2818
3136 8391
5511 623
7054 7594
5676 618
8777 4350
7125 4866
4477 8185
7374 5798
3435 9697
7695 8895
127 9783
4388 8799
4864 7960
6396 4071
6221 932
7385 1059
3720 8682
758 7300
1056 244
1256 4490
8764 6169
4662 4746
4134 7710
9876 6338
3374 1923
1765 4395
2567 1997
8582 8937
5051 1798
1918 7302
5445 3918
4973 2587
6682 5298
9243 7338
3892 4760
471 3628
1445 6117
7712 3404
7848 4347
351 7086
4159 9788
3558 7799
4085 3861
2661 3627
1163 8131
7123 1271
604 808
3729 3006
3587 8786
3075 6057
3374 7725
4051 845
3852 5790
4728 3547
8831 738
2311 2445
2680 8526
371 2614
9808 9270
1781 860
1044 8649
4050 3197
4256 5042
3003 9724
4101 2517
9677 9311
5751 8608
4285 7899
1981 9133
6100 6118
7063 8865
8964 1292
3054 4691
2532 3451
4573 6192
8381 1909
8258 1169
500 381
4037 7110
3747 276
6431 4207
9624 8639
651 1333
9092 8338
6614 4215
3338 9924
824 8824
3144 7908
4247 3985
6276 3125
8077 5370
9458 6627
8151 7837
9070 5404
140 5172
9195 5493
9317 3026
3895 3419
1049 352
1958 4706
9324 552
9387 2847
6128 801
53 4251
76 9197
9566 6848
913 1653
5221 7132
6318 3712
1012 2822
4273 5114
2135 9252
2700 5526
1395 1741
396 9364
3336 2375
8687 3652
2453 4986
6182 8951
5756 3551
6798 8753
3321 2235
466 5263
6747 8779
2107 8417
1162 4820
5383 7779
8751 159
7868 1121
3487 9509
4023 2157
2772 8088
1953 6610
9582 5738
6690 8316
856 4508
1528 5067
5287 8985
8770 6548
3128 7184
3862 8664
9158 7188
5058 7980
7875 6719
5553 5189
8612 3196
2936 6935
7633 5314
1218 3469
569 181
7773 1677
9471 8683
9124 3712
7755 3630
9412 3535
7704 8310
9423 1201
8831 2282
5103 7669
9485 9916
6848 9141
3721 4642
7140 8725
6413 2050
9242 976
7073 575
6055 2265
2757 5230
6123 9652
1232 9396
8324 2461
2564 2921
3781 2210
1696 856
5531 3212
5961 2941
8990 7116
188 7137
4388 2881
7166 9396
5292 9515
3606 4187
5755 1773
6260 1570
1526 810
3759 5393
1657 4245
6390 9910
5561 3535
5148 1582
5201 4496
78 6443
7738 353
6066 8836
5207 6383
8857 1821
5936 2950
6023 363
9494 4515
1654 3870
1069 7722
8554 4007
5838 5872
662 1289
8522 5710
2345 1467
5395 2479
3693 4487
1876 8120
8145 2405
4386 9594
4048 286
3542 1749
8476 3076
7541 8814
5423 7424
6704 6760
9337 4814
7599 7628
3773 8210
1329 6831
3689 2189
4879 2735
426 2179
8411 2258
835 2901
5646 4839
8372 9851
8912 522
8403 9559
5671 8766
5729 8588
140 1028
8924 6975
5307 4099
5159 2061
955 3805
4594 7988
2481 7971
5265 1143
8732 9640
6447 8747
9206 7986
1191 7967
1623 3229
9296 5614
1341 7607
6863 6651
5927 9273
5787 8259
3158 2236
6598 1788
305 7599
7257 4761
1668 3219
1201 2693
1748 140
9015 3221
9161 2775
3067 8377
981 7970
5253 1937
4938 2700
8535 7530
1705 2026
5297 5944
5237 9724
1953 5527
1862 2153
3924 1382
138 3263
4297 5801
1617 9933
1879 4114
9316 7864
8921 8779
5969 7168
9077 503
6406 4893
6105 2950
9826 5136
4212 5995
2897 9827
7248 6937
1125 5218
8451 1142
7719 166
2368 8121
5353 7336
2441 5304
3157 6569
3322 3106
7235 3447
9034 6882
4739 4073
5743 9341
4678 8385
7503 5538
8605 4426
5497 5373
185 1891
643 3545
6663 1804
4067 1599
6003 8803
1376 7601
6438 1482
1697 9650
5817 9425
1751 1066
8823 1799
8894 1808
5537 4449
4001 1365
9040 6169
1613 152
3106 13
7720 9325
6589 7789
1767 9672
801 37
9786 368
554 9673
2611 6055
6259 488
8504 1469
4565 8580
3712 7333
8483 7055
5034 3959
8900 5729
8491 592
4756 6219
4504 3576
7619 3399
622 3684
9062 3685
1237 760
7763 9022
4652 531
4711 530
3173 3888
5326 4269
8550 3283
418 9087
3299 4319
4530 6150
8633 9950
5442 6096
4258 236
5503 4409
420 4163
9785 6527
8501 2898
2481 914
6343 2410
978 9823
4287 1710
4137 9520
5162 3620
1766 1473
9057 7549
3263 7631
8201 3401
8022 5142
6298 1453
2804 7155
2128 7407
1160 8232
6237 8925
1130 5178
2318 7156
7426 1219
7607 5946
1170 187
1386 6612
6214 4960
7132 2184
7880 8928
137 4319
8799 6416
4701 4820
8331 620
3814 4577
5467 7728
7601 5308
9663 2813
7442 1135
2060 2756
2102 2121
3135 8530
4705 4583
1612 22
1777 3319
3727 828
7544 6392
451 6067
476 3536
4819 3028
5763 3156
2231 4245
8363 3385
3939 2325
39 364
9725 5007
5202 9014
6365 4786
7470 7406
652 5656
6612 9585
5016 786
8573 9591
6377 5547
5666 200
6755 3599
8046 4214
8762 7105
5314 9562
2170 896
2669 9215
237 6458
8145 7809
5602 5437
7492 8480
399 6774
7831 2519
685 9297
514 1873
1814 5746
6381 2389
7359 4219
1033 7670
5505 6076
2674 9172
3780 2164
6535 6693
3380 2289
8986 1804
4214 8104
8260 7293
6580 6746
1124 9098
4693 4059
6749 7229
8643 4221
4502 7853
1297 8835
5551 6479
4943 4856
5105 5216
3149 3789
5923 7828
1071 3239
430 4311
7455 8277
5340 1601
8570 8829
7019 4047
3122 5481
7219 7428
6270 4641
3459 4811
1796 2
6953 7349
9479 4388
6814 9569
1034 7370
4990 9502
4275 2533
2713 8921
6021 1284
8223 2766
1441 4942
3071 5584
8982 1716
9438 8246
1926 5466
5100 6388
563 9474
1494 8219
3769 1503
7611 3994
1381 3006
3907 1764
3487 9925
8301 1826
2773 6589
5817 1519
3180 3024
3851 4717
808 6768
2239 6668
9937 7613
3391 1194
2466 232
6713 4872
6880 3269
9300 1266
8038 92
4480 5731
4182 408
1422 7260
2969 9459
9463 2441
3346 424
9064 9866
6820 681
8576 4640
5256 6146
9368 977
1787 8781
6484 3264
5371 9345
8022 1334
2708 7729
677 5435
4002 5362
3536 5109
340 3832
8141 2289
3951 2164
3351 4592
9949 5155
7021 9393
8911 7564
4911 3288
5092 3448
5387 1643
1374 6300
1782 5558
7879 2994
6863 658
2611 1797
7535 2784
2623 2818
5597 9383
5853 1615
9876 512
3546 2436
266 907
1830 8780
8863 7543
1342 9678
6090 424
7015 1330
4810 9618
8993 1797
8610 9190
3508 3052
9090 2703
9992 5218
5535 144
3383 6811
1354 6762
7203 9915
4866 3348
9941 3396
325 7375
3026 6476
8035 5531
2024 3380
819 1446
5574 547
2799 9815
4267 5317
2838 1457
9915 5211
9803 5047
4679 1516
26 1905
8078 7435
6274 8485
663 9741
1439 3694
3058 8569
5241 1219
5263 6166
1431 1042
4129 6875
7629 8029
9343 8952
1725 1477
5045 4861
3890 4083
7814 7078
3675 5365
5691 6895
4771 5233
4592 803
988 119
2608 3941
570 6111
8885 5626
8409 8000
2344 9211
6408 795
8146 5525
8022 8850
203 8933
5364 2268
8126 2937
6271 9481
4329 4097
4254 4484
6807 9704
7687 7721
4896 7434
242 4269
9220 6276
8241 849
9301 3743
6993 2309
9142 2361
6072 1190
3558 1178
7340 6641
2367 6507
4267 1708
2240 6706
5141 7979
2829 9628
5725 1263
7829 661
2336 3516
8035 5255
5932 5500
260 994
6051 2332
385 6227
1695 7884
4168 4086
5180 1692
6812 2799
5380 557
2150 4058
7211 2475
2546 1057
7624 9554
8308 9061
2101 5022
5763 4248
2075 2479
5554 3246
1304 2556
7108 4896
689 3262
4297 7086
9318 2420
214 6758
8655 2434
5603 772
6648 4723
549 2787
1083 6831
6596 9067
7849 6515
4158 9130
6499 610
1000 3122
2185 9740
3431 9301
8591 2822
2320 8673
1534 2966
7803 6911
2777 2434
8592 111
7604 2022
4957 4515
2698 2287
8291 4026
3379 5589
4204 4102
6479 6371
7386 191
8465 7771
1690 2787
7888 5211
3855 5795
5913 1446
2665 2244
1097 6124
450 7922
131 3408
2728 7227
7811 8469
1101 3578
7569 2521
7295 462
3669 2286
9919 3614
2116 4333
1 5177
1532 3532
8855 5902
5911 57
6072 984
6481 2938
2115 7281
1124 8873
1488 8667
6997 5035
1802 5738
1754 3168
9988 7570
3772 9554
1525 3740
3436 3560
4009 393
4671 3055
1928 9065
8915 9633
853 3023
3561 2749
4397 3619
9921 7135
2242 7654
336 6298
9495 2873
8604 6894
3445 5832
7763 5897
9251 7996
8958 6853
5200 3643
2279 9458
3183 8554
2091 5018
7608 8841
3296 9320
3683 9721
6994 8126
7001 7601
9004 6170
3528 2812
4928 3749
9295 2369
8898 6948
995 4759
6778 2147
3255 5501
6526 213
4728 6875
468 5792
1328 7244
4513 8311
7140 8929
8331 2282
7040 3448
585 9334
7836 5952
9794 2849
9639 2763
3968 6205
1792 7698
6721 3055
3581 2318
8709 3283
2977 675
472 1120
2851 2554
5663 7660
2354 9693
8138 8385
347 489
7094 5177
8017 8090
2296 7967
2507 6458
9282 8096
8078 9774
3435 1745
4516 6363
6527 7916
528 5132
7966 2460
6279 7032
7393 1269
6993 6219
2129 5073
5629 8170
3991 9517
3510 4717
1128 5501
9045 4966
4349 8689
5100 85
4743 3913
4066 8176
7509 2674
6561 7203
3380 9710
6586 9886
7362 9790
2120 9550
4974 8950
7672 4756
2023 9397
414 7076
2992 6190
285 3574
4340 3343
3825 6126
2456 8202
3193 3457
1769 8669
5898 8461
2594 4853
2011 1268
2665 9415
995 9521
4427 5176
978 2519
1766 6376
3301 2341
1857 9808
7649 83
6327 1933
3532 2356
7956 4797
2162 9025
2174 2108
2231 9815
6719 6601
3085 4319
9135 9979
5760 9972
4062 1771
6824 846
2297 9847
9400 7439
7562 2165
7019 1124
8658 4565
6114 5521
8005 8005
5630 3173
5399 6693
8244 6101
1063 8585
8839 3484
518 4365
2997 9008
6007 7948
2297 8392
6272 552
7907 1618
2934 7001
269 5516
7214 7451
563 9004
8467 4392
7852 5243
878 7910
8603 7194
3817 3022
8181 1709
1152 5460
4598 1763
1294 5859
7170 2499
4493 3649
6728 9151
4229 8404
8816 5105
3768 6646
6758 466
4756 9295
6225 8372
7787 7581
5460 5818
8035 6236
3409 5500
1641 6514
4661 1714
4125 2021
1577 1387
6213 4102
4388 8790
1510 9729
6585 9948
6721 5457
2249 7873
4467 2376
2631 7525
6765 8565
719 4830
1018 4671
9581 8642
972 4328
5026 6493
1782 3834
9303 1717
1661 6641
7918 390
1581 8379
5299 806
4266 9304
9670 1599
641 5373
9200 3844
2172 128
130 5957
5807 4328
8615 3263
4956 5317
5124 6542
5341 6639
6435 9923
5266 6635
5313 7335
5423 6172
1893 372
291 5297
7579 6987
4874 7543
2440 3327
2367 3762
3623 4004
487 6486
2989 9789
3846 7565
7159 3157
5330 1474
4901 3988
3096 3741
2065 1973
4196 5150
4703 7716
8004 7859
2569 4466
4818 6460
6678 5660
1757 9534
9944 1766
7040 271
5867 9372
1158 6245
8201 278
6441 3113
2008 8464
9519 668
322 9358
2047 1582
218 1957
1724 8641
417 2241
9404 8695
7877 2631
9024 6775
6087 6645
1939 6624
260 3452
703 9197
6915 4420
3872 9432
3858 8658
4627 6983
8703 4571
145 4238
3867 2759
9266 2980
2555 2188
134 2669
5957 9932
4885 3171
8684 622
6301 5501
612 8648
3141 8935
5443 1039
3057 4574
6337 8740
7121 955
2615 5488
8347 7276
5282 4692
8770 7973
4999 4529
9039 6374
7600 5127
5684 7019
7925 1597
8582 7335
9824 1183
8696 2151
302 6766
3343 9066
1192 914
4768 2009
5204 6776
8108 504
7841 9130
910 5019
1674 9504
7835 9859
2822 6680
3120 7713
2114 1516
8177 4540
7841 7130
7950 6316
4162 7404
3873 9655
8603 7603
2145 399
367 8064
130 4398
3620 5544
7234 9244
7992 3298
3741 2056
188 8919
9871 6303
5484 6979
1354 5882
9317 4500
6867 180
5036 1775
6648 6283
9874 894
8459 3926
1161 7431
8949 6856
7159 7813
1572 9999
8706 1856
2116 9680
7043 1438
8495 6875
51 2177
4523 7137
3860 8190
6187 6431
5934 4644
8144 5763
8850 253
9680 8342
9059 4933
8022 8761
2095 2824
7520 6902
4886 9278
2465 6458
4632 9948
7045 9087
3570 9805
1804 2442
4408 1376
8217 7980
1443 1193
3696 7228
5482 271
8275 9658
4721 1229
3918 8695
99 7565
8358 6797
2302 455
293 473
7481 8021
7272 1384
4516 7873
7817 6251
329 8340
9973 9050
2633 2082
7470 8848
2408 2040
3953 6875
9986 921
4407 7925
6839 3945
911 3026
1258 3190
7749 8387
4036 4551
356 1866
4513 7542
7491 1080
2751 524
3342 5870
9324 7898
6578 2604
8689 8290
8587 5901
8957 2806
4486 6301
5167 2570
2083 6535
6118 7298
3531 9578
5734 9229
7343 1259
4638 3136
1965 5881
2784 3491
6768 2884
4016 83
925 8184
9571 2307
636 9302
4960 6314
7440 4494
416 664
5850 4642
5300 2462
3766 1059
2429 9007
4645 9110
5708 5759
9959 2143
3868 9425
4568 9962
4151 6972
2833 4860
3111 3841
3964 9664
4089 6290
1746 6910
2506 8495
5057 4654
3617 6460
4248 9992
3969 3479
9504 6060
6779 1058
2718 181
399 4171
363 1787
9111 2879
4670 7049
5699 153
3203 6078
2995 9374
5996 5854
4696 121
9840 9086
9958 3847
6407 7985
3227 7829
9847 2649
112 9558
2525 1385
2810 7627
6790 970
9173 8408
4895 4071
8453 1641
334 444
5588 3459
5815 3507
9938 3498
5926 2905
9318 6219
2887 3902
915 8337
1857 8656
7507 9619
3496 3847
6999 6375
1770 7581
5766 5634
585 9801
9190 8676
2206 5497
6454 2901
7300 1823
6525 192
1369 5740
9843 9683
3793 2831
1828 5606
3407 6286
251 8695
7377 3038
9916 3173
6926 838
5924 5230
8503 8999
9606 3379
8499 6342
7453 3801
1090 5536
5795 5095
4421 8123
9846 1102
831 5697
1305 1589
452 5320
8085 5916
1576 1715
1109 1232
337 1217
4700 7204
8324 1434
6715 4543
5703 5920
5970 2259
7942 4568
1290 7599
8578 297
4843 6661
4176 1901
9301 316
6514 9842
477 246
5874 996
1184 7939
5814 5398
9820 7979
4622 2371
2553 3946
836 3291
9363 4599
3502 5327
2226 5854
320 2586
4072 9962
461 1809
1880 487
468 7659
8493 2691
5449 5767
6841 1152
1496 7713
8297 1254
9510 8669
4916 8589
6333 7924
6788 6755
7972 4543
1271 9489
477 2075
7719 891
8821 5632
5634 3687
215 957
1901 7702
999 6188
9469 9954
9495 2815
8129 8737
9256 5678
5079 8349
5935 4480
1252 3762
6390 9639
8661 7140
4791 9140
7828 3200
2239 5500
8484 1532
175 6267
8670 8881
7199 2422
2521 7141
9942 977
6730 5485
5574 6049
6665 9678
1920 8978
4058 867
350 9068
1941 4478
8781 7809
6417 8125
740 7745
5330 6392
8428 5302
3677 4523
707 6217
962 7417
6749 9833
1534 797
7520 4004
4616 1439
3996 6558
1638 3850
932 2672
9061 3474
2557 3565
2922 8921
1824 8971
3358 8141
3814 8037
4339 6196
1087 576
9298 9689
6322 5172
3684 6440
6067 1999
8737 4595
634 2412
2805 4794
7075 4121
772 3540
1542 6765
9002 3732
9993 5649
6858 5188
8265 8515
7710 1905
8816 8145
5911 1389
2520 6711
5549 4756
9626 4398
6616 101
975 384
8809 8521
240 2420
2781 7144
4800 1083
1604 4343
5833 8762
5992 3840
5603 8385
1736 3646
9806 6309
1943 4824
8044 8235
5637 6999
8473 2636
7271 3685
2808 5428
1107 4476
3502 563
2520 7049
7211 8567
8786 2673
325 3871
6179 706
7164 5277
2958 9311
5054 9497
1641 2405
6643 6296
5706 1687
5445 5035
6352 8405
692 8666
3962 5539
2673 5864
8525 2148
3008 6714
428 8737
7295 4217
6798 7204
447 6490
6936 856
6745 3882
5326 3551
5896 51
4345 4693
739 5208
4734 681
9739 9810
2340 2616
3763 2262
974 9951
3064 2026
1391 229
471 6202
9469 6279
3763 3519
3883 2531
7483 6004
1903 4829
6221 2405
455 4634
7015 20
406 2339
239 6448
2474 4382
6757 8206
6740 3757
6996 5391
2746 2525
1022 9513
5769 4364
4791 8757
4455 2891
8282 4805
5651 8373
5202 5537
8351 8510
2778 8560
7158 5428
5005 4357
7578 3453
9585 5284
9247 3698
2406 5704
9098 5240
3478 1334
7088 5392
68 1526
9683 9008
929 8391
7556 3676
8178 5336
2986 2557
915 7410
7723 5677
8308 6187
6225 5734
6684 5755
4272 9828
9953 6589
9582 7580
1693 8919
987 9340
3810 6519
5862 4671
2529 5882
2057 1169
7352 5881
8659 5398
3414 1305
1961 9253
3873 9389
9587 2279
8567 6262
2620 8373
6058 4706
1549 4671
564 1300
9913 3871
7269 1563
6041 3131
5501 2796
9998 2687
2332 473
2902 3472
442 5698
9990 4074
1525 5783
8402 9578
4923 4655
4716 5047
9898 2754
5406 4085
7606 1659
4341 4257
172 8609
8219 1760
1923 7227
2719 3582
7518 4404
4755 3451
5718 8474
5876 9315
350 1328
3224 4713
1298 7021
5492 5129
3135 1494
3333 7044
4940 2572
5403 4574
5985 8050
5416 2901
5401 9331
2092 4629
5004 3487
2458 2803
4081 9768
2659 7904
2332 5314
6868 8676
5115 46
6588 9019
7786 5825
8309 3590
4248 1973
8884 4576
5453 701
2084 6034
9002 1564
7823 6306
4055 5059
5257 8573
1750 6907
1034 972
1353 6634
1502 757
6407 3565
8627 5671
2181 4354
8835 7220
1757 2315
3585 5501
198 6028
143 273
3917 5616
4711 8293
8024 9948
8136 7593
2909 4771
7211 3893
6930 7022
6221 2060
8265 6214
9504 9643
8078 6235
3556 5005
6036 734
3822 415
2078 7397
611 846
2360 8735
6904 4074
4677 3036
2459 4602
4509 5157
1560 2191
8668 3918
5962 8447
41 2822
677 9945
778 8244
2803 287
1775 8459
4447 3229
5475 117
8347 2159
7384 5185
6839 9775
6765 1909
9694 3182
5324 359
5429 2022
3325 6338
8360 3147
1714 5015
6136 6729
8837 7011
433 845
6933 7298
5608 4042
2168 3907
6074 5734
4057 8179
5734 9231
443 160
1839 4295
7673 6295
5066 664
2242 5308
3510 2808
4207 1994
9240 5694
9662 8253
8557 1519
7510 5177
8081 6871
4509 4140
7434 5808
8323 61
5710 1713
6387 8268
8738 4851
2455 6056
2531 639
9964 7534
8637 1367
6784 8671
7821 3695
4039 4675
5812 8664
4840 1540
1248 3963
3376 9482
6586 8210
1972 8683
7317 7723
8392 4281
9687 7805
5948 2979
3446 1047
4452 2010
5436 8457
8603 1503
4666 5851
4704 6833
7942 8528
1419 3834
8881 4816
837 3603
2846 418
7600 9620
2554 776
1282 2184
4619 5798
5726 2082
2447 2240
4972 628
1613 3339
6457 6296
7166 7382
7490 397
9783 9161
491 8623
2905 6210
9787 6969
4632 2249
1599 3520
1720 7543
641 2135
9288 4557
2841 9811
2289 5525
5284 4876
5128 4367
5202 9822
7679 4873
2409 193
6043 2622
3056 328
8815 6730
1332 9816
3165 4928
5611 6067
8416 8243
4553 519
7208 5890
5653 9422
1316 9369
5324 4817
3862 7222
7122 1254
9415 5092
5397 1686
7 4827
4366 8715
4804 146
6208 4917
1252 153
3613 2645
9830 891
7988 1340
5398 6964
2500 8782
9232 7744
5213 3357
2997 4298
3379 694
6572 3155
544 7720
5537 1096
8762 3221
1664 3356
9831 4280
2358 3255
2058 5165
4560 7120
8884 1344
4074 9568
51 3213
9317 986
886 1925
4767 5653
3425 4157
4606 3361
5832 2668
136 6939
2086 1562
6879 2437
5282 7319
1405 6995
5876 2143
6748 3008
7621 5621
3602 2682
197 8108
984 8282
247 4566
1745 2849
79 1882
2318 7629
6178 3032
9973 4360
4690 1851
6267 8047
8317 9945
9855 525
6698 6731
6188 7029
8581 7289
5705 504
4853 643
4220 4579
461 7268
3701 9597
2178 6341
9344 8258
8058 2839
1324 3141
1764 2564
2595 1611
9234 3062
7424 6172
831 3334
8335 8943
8253 3721
3569 9223
258 5135
371 1690
5456 3735
6379 1436
7339 9713
9566 1370
5856 7696
645 4342
9467 9020
4955 4829
2104 5850
9351 7273
2001 2205
5827 1054
1632 2809
6863 4222
5995 1976
3727 5286
2004 7485
8320 2750
1514 6248
8580 8166
4692 27
4810 2246
9829 7628
1064 2289
2991 1446
9577 9862
9364 8667
7704 5267
5487 6887
7080 9425
8621 6456
4468 7185
8234 4597
4871 6718
4306 2413
3577 101
760 670
4109 8182
9290 761
7351 6011
109 3498
3916 7684
7015 5527
4495 2090
6482 8046
4211 2883
4533 1045
4215 379
8964 7135
3131 1999
7872 3325
9447 7949
4461 248
3276 7036
1307 5851
6278 5377
4061 6982
5746 9627
2967 8852
1001 956
549 6875
7721 1832
9998 5954
6263 6545
1713 8769
7423 9320
8328 3446
1430 2245
2266 4627
5497 4888
2857 5911
3303 1405
4791 6514
5535 1686
2752 8838
7293 4832
86 7052
3965 2002
6321 3155
190 832
3975 3417
6243 4754
905 1201
7558 2733
295 9253
840 9171
9035 4666
4741 9780
4083 8627
4346 9333
4989 2089
2426 9851
7278 6278
1038 738
1684 8977
634 6207
1573 3283
4009 3585
6454 1453
7723 7285
1982 4567
2743 2902
8306 7817
3633 7726
3288 5851
8784 7470
3665 3672
8291 1968
2180 8792
3979 569
5276 5825
9719 326
2836 9893
4620 7072
1953 4746
5619 9096
2499 6456
7250 6451
1781 3552
9676 6319
7959 8860
2762 6654
5905 4922
3658 2675
8365 9130
4746 4441
8260 7334
3422 9447
3849 9552
4551 8044
1296 3754
2907 4890
8805 4430
9041 5761
5852 3603
8271 6101
9808 6223
1478 1413
7086 5882
602 2839
9781 4826
7203 585
8206 530
9499 6482
6183 5703
9117 3417
3584 8583
34 7389
2377 9277
6510 514
9694 9463
3112 5728
447 6207
8400 9447
8524 6038
8965 9815
4313 3773
9086 8121
6157 4159
5415 55
1736 781
1110 6697
9815 9353
8188 6705
4086 6922
5523 9213
2526 4885
2519 7948
6922 85
3964 5970
368 8743
3743 5786
9201 6049
7047 303
1284 534
4397 7018
2511 4283
2493 2090
8125 4439
1088 2112
4957 6207
5284 9863
4165 2739
6448 5942
9602 8733
1645 9621
4723 4431
5921 8975
5540 5835
3393 2411
1218 4122
551 8139
6227 4388
8005 299
6917 1209
5422 7258
3774 8848
8555 7632
7855 9408
8240 2619
125 9263
7583 6066
9035 1054
1036 5827
2461 2462
4454 6476
9345 3897
2081 4576
6556 2333
450 2633
4951 5163
3522 4583
4556 3190
7216 7542
6365 710
9718 1046
1759 6920
3097 6027
9668 120
7917 7635
3996 6892
9850 4698
3581 8873
6089 9938
4863 8244
4930 6716
2992 1271
4800 6247
4884 3267
426 8600
8306 7333
3345 6842
4984 3306
9101 2958
4489 972
1347 8259
3832 4663
8376 5060
1091 321
1716 2532
8738 7211
5576 3287
9227 7752
3785 8252
9253 970
5397 781
5859 4895
1593 4183
6316 7864
7837 1509
6746 7873
8269 8646
8263 1744
1734 7417
2809 4145
291 105
8949 7124
3348 3452
4938 1482
6109 5728
4098 2030
1456 125
2544 6819
477 629
8291 7683
545 9629
6191 9888
4311 6819
9970 2359
4743 8662
7865 5491
9945 493
5059 6861
9042 8863
7853 8773
1228 83
5393 2000
607 5902
7484 1334
4437 1816
7275 6897
1483 1651
2021 7701
8225 8698
7190 209
1145 3106
4979 8749
7930 5252
7092 4054
711 2410
7097 5105
3493 7308
1217 8300
6793 7220
4280 9626
7153 526
7654 9109
2991 5621
1772 1479
1448 3281
4231 5381
1332 10000
7310 5954
336 8621
8045 6063
1084 7606
5359 9537
5139 2517
9926 5246
8591 836
9703 7322
9504 4851
1772 5240
8923 972
2962 1622
7453 9549
8288 3469
4297 673
7002 5047
7508 3430
1957 8936
990 4914
3548 4468
3431 7099
3784 8881
4437 5870
6044 5818
3900 8786
5482 958
948 6722
7752 552
6049 9
254 3929
7288 723
6379 4119
3928 7203
4454 3179
2002 1306
1129 1011
4227 9426
2665 7993
1254 3838
861 1495
4865 6437
6074 5265
6525 8803
5565 7599
7938 5461
7032 9065
3368 2966
7787 1152
162 1667
9055 7266
5270 3426
2599 8791
443 5421
9646 1999
1586 6414
206 9669
2416 7818
7368 5935
9155 2364
3998 6780
412 5452
2148 8190
7675 7631
9998 6163
7311 1731
7837 5640
7036 9844
3253 1864
8772 3866
5688 3461
2803 3484
4874 8447
2633 1142
7603 4833
4778 4018
2455 4189
37 5397
4265 6058
4808 4908
1475 6795
6241 962
3967 4479
8269 3267
5340 8876
584 7987
9212 6067
5599 4783
9354 5406
193 679
5437 3646
4872 5959
9687 590
4183 8216
6640 1708
5148 4469
3142 1444
7850 5056
9848 73
9432 106
7631 4886
9749 9176
6119 2122
9138 7690
6234 4738
7663 7543
1581 1377
2325 8850
6000 7608
4642 2088
8978 5610
3784 5838
7012 7998
5954 4975
6100 7193
6771 1787
3021 7175
5169 9311
4172 7086
3425 6643
1192 3888
5749 8527
9884 6880
8981 6080
6230 5763
8712 7229
6330 8943
6410 2822
2727 4748
9368 7064
2418 7898
6497 128
5672 1781
5657 2687
862 3873
9989 3225
2953 4065
8292 8220
1410 5588
3040 8671
6928 7228
5092 7130
1518 1902
8831 1157
5460 8725
344 5227
7588 9805
6777 5256
9580 7720
7081 3443
6670 8429
9226 376
4793 6884
5512 6786
318 4585
307 9558
9220 4577
9478 6459
5250 1331
864 9074
6898 1500
6337 6994
7172 1898
3412 1827
8717 996
930 4740
2782 6744
1919 7670
2008 4097
2589 9230
3249 7523
3669 3020
2665 4505
2595 4612
8175 810
4257 1980
2526 2839
5290 246
4657 1837
2069 4099
6569 9716
5727 2048
2412 7558
4040 8457
6714 6507
7983 5512
7226 5768
6426 2033
5242 7311
9474 8450
419 7523
5994 9430
6143 9679
5591 6216
4008 3783
2595 634
7663 665
5501 812
5559 9041
6192 5221
3529 3277
7852 3393
6940 3617
777 1771
2802 7383
1736 2752
9437 7433
3722 4396
7862 5914
3125 1861
7752 2036
878 6754
5020 2697
4628 4902
7290 252
4151 3239
9351 6543
6490 1239
5747 6742
5711 6027
3709 4935
4662 1779
5682 8641
3090 1727
1380 147
6722 671
8261 2839
244 7220
1791 2126
8705 8621
1205 6981
1358 2029
9556 2101
8224 3230
2201 8333
2682 7743
5103 6349
3932 7207
4551 1393
2178 4804
9096 9790
6882 7055
2641 6432
6734 7149
4811 5105
2431 9837
1361 2021
5720 9688
124 231
6925 9202
8237 9497
3228 8703
2154 5258
2633 9630
9535 4627
9120 8825
9618 3350
1742 4091
9234 7710
1250 8323
5613 6153
1403 6072
598 3187
5040 4768
6453 9393
4775 2904
3399 2448
8350 8892
5699 9598
2032 829
869 5071
1769 3004
2781 8085
5746 9798
7499 4315
9255 7741
8732 3357
7484 7753
1137 192
9512 8629
328 8284
6791 2337
2522 6082
5388 8070
1282 1981
4259 2693
7385 4831
1732 2885
1658 452
8701 8408
5547 1716
8412 7915
402 8562
8136 5887
5931 2448
5601 8053
6970 6693
3541 4099
5144 9283
3090 1290
1235 1669
2429 6247
5343 8052
509 1628
2175 4549
2274 2315
415 4808
6217 3299
8294 1362
2287 2395
8200 5242
8379 5936
5607 8121
3237 5882
2171 7303
5184 9275
8351 8727
9885 7332
1269 6545
610 5412
5579 8288
9047 8174
857 2485
3011 8182
6446 735
9107 289
1531 8575
6771 2865
9747 3756
1517 194
2935 3829
1098 3292
3098 7245
3168 1695
9814 7419
9540 2122
1018 5041
9437 3391
4954 6624
7517 6338
157 2697
4639 6334
797 1390
5148 4423
4043 3949
635 1417
9988 9998
6615 2443
9370 5507
5211 2566
1226 3313
2278 9853
2859 1545
8675 1764
2773 4866
9688 573
815 4983
5768 7380
1892 8922
225 1898
7464 829
4591 8607
7345 7786
7821 6616
8838 6354
4043 2298
9386 3905
1094 8875
2997 3853
5394 895
7195 5374
986 2569
1225 7220
9213 6337
4390 156
4392 8489
3347 9091
8379 2960
7864 794
3851 1041
5654 38
273 6668
1514 7374
6398 8647
1261 4969
1059 3200
880 169
3220 6693
9944 8008
5013 7346
4859 7360
4211 8487
5326 1406
4067 8526
6085 1181
3011 3790
3355 6451
2567 8559
8695 2426
9217 2938
1623 5881
7442 264
951 128
7925 5929
9709 352
4568 8352
9681 673
8991 6110
1883 4891
6990 837
1308 3485
1870 6082
5694 4493
5511 421
4493 1075
5092 510
2820 3705
6292 5104
9593 6257
4905 5185
5379 4262
9508 2969
5958 1291
237 1311
3554 9227
466 4364
2704 9301
790 1596
3350 410
4250 6518
9637 8008
5296 1292
1418 6047
7864 4801
7357 2446
8965 3834
5580 149
6680 3146
3605 376
3213 1297
9847 3593
8216 128
7764 8858
2306 8108
3482 6662
7727 2799
3493 4529
366 2165
2885 761
1542 2207
9234 3848
4059 5292
9843 4353
5134 4129
3938 1782
6081 5652
2638 4042
2308 7866
1397 5127
280 6841
3259 5850
8133 7081
2089 3045
6270 4745
1461 5491
7027 5927
6672 6091
7042 6339
4266 5626
1923 2793
116 2444
9770 9552
1520 2357
4384 5309
4043 5932
2029 2001
635 8544
8425 7976
977 1361
9931 2696
1435 6651
2205 4656
1068 2801
1981 3154
9109 5589
8120 7900
6018 502
9099 4538
2936 4004
4627 8650
6850 932
8007 4414
5215 3023
2190 130
6026 834
7853 6935
5974 5543
3937 1711
8724 4240
8878 8167
908 7227
5904 3610
9052 603
1096 3959
836 6526
5483 4203
8659 1324
8558 9038
210 9375
2686 5731
3964 7980
8519 8889
3666 6172
5022 9281
5391 5130
7057 9021
4764 6706
5892 6199
5981 3762
6879 790
7574 8925
5520 5741
976 843
8575 2708
176 9229
623 6264
4436 6490
8061 3507
9778 4941
4617 9377
3322 1467
1571 608
6024 5942
8541 6672
6502 2897
8273 8035
834 8271
3835 7622
9631 2649
7987 1897
526 1301
5440 7292
8248 4069
8466 896
3718 9801
1275 39
1579 9431
9870 8894
147 3617
8496 1211
8464 6672
149 5723
205 2792
5582 7130
4153 4684
7501 534
3713 8789
1597 8674
62 4747
3458 1788
9925 3525
31 7005
6753 2414
5658 1806
6198 1423
9604 5867
1811 6728
1484 9518
6120 3756
8218 482
1493 3925
6013 7094
1366 4903
1847 5558
8747 7089
7662 4025
6531 503
5101 5463
5582 9676
6310 1923
4547 6241
5320 3354
841 5825
313 3518
9095 9289
5663 9740
6495 5576
1994 6892
2994 7709
5811 6608
1206 5604
8504 8566
7888 6
3730 1785
6015 5160
9033 6229
8955 2560
3955 771
1584 9503
660 8435
9404 1075
4114 2447
1124 2088
2579 1914
857 8446
9039 3326
287 9673
3401 2498
5609 6846
3615 2540
6894 4241
3981 8811
4543 1253
8370 981
6076 2245
9603 6673
8975 9684
3057 1257
5242 8747
4169 4456
6446 2760
1281 6458
6971 1243
8735 2410
7542 6702
3850 9259
3109 7252
1760 817
1918 6921
9729 1469
62 8415
3353 7546
2485 7295
6270 408
7544 1264
2276 8388
3531 3349
48 1056
8921 585
3081 8418
7577 32
8114 6542
9852 3378
489 5723
7863 9275
9876 9153
8881 817
8059 9872
994 1087
3635 2571
4998 2688
4276 7233
9921 5770
6391 2937
8925 157
8576 5536
9281 7664
2886 4768
7148 3574
8658 3364
5662 4979
9184 9391
7246 8162
6252 4479
168 6850
9066 4459
5240 8193
2319 5697
9368 8426
8189 3070
1447 2883
2042 319
521 912
7368 5894
8791 307
5632 651
9450 8929
6386 279
9555 159
5398 4600
7597 3912
9231 4801
4979 6346
3258 7232
1902 4382
1778 3204
6869 9059
4110 8511
7538 4769
9936 3735
7138 2127
9479 2329
7922 148
2120 8612
1368 1608
9291 745
1418 7516
5163 2078
2374 203
4704 3845
4998 5098
9806 1193
3381 3236
3215 4168
2590 4960
1777 1677
5613 4736
7947 2586
3154 2384
1529 4277
9237 6569
7581 3285
5931 7384
5611 2033
6934 5803
175 1699
822 9005
9206 8390
7369 311
5306 4088
7838 7249
4998 3
7780 33
7076 8560
7185 6544
9984 2594
4740 7698
6144 4455
6982 9922
213 4847
9906 8905
564 6487
5257 6813
4924 5554
3605 5178
7410 4281
2609 3357
3667 8173
2224 1190
6501 9519
9200 4838
2393 3653
8817 4091
4201 2098
9906 3796
9416 8441
2500 9517
3778 7968
5004 1684
4534 4993
8189 4640
5864 9123
5740 9018
398 3242
1564 3486
7298 1903
7378 2489
1853 7384
9351 8019
7403 589
3983 1184
8393 2863
8101 8398
2988 1037
4765 7712
9414 1930
6049 5072
8155 3492
1606 6315
2120 5948
1774 8389
4614 6009
32 7533
9153 4821
2902 2651
3351 157
775 9338
9405 6169
4644 8222
2366 7635
5108 7585
5681 3029
7847 8413
3434 7152
5099 5836
1064 2778
6888 3961
8796 8335
7020 8441
2383 6841
6340 6718
8845 3553
7204 7397
2483 5462
1204 7223
5060 9039
9355 8832
3260 9259
2958 7124
3041 3146
5415 8573
1728 2156
9664 1659
8116 1519
5638 4813
5446 4046
9505 3641
6543 9093
909 7617
8153 7670
4441 660
2735 2968
5541 6810
2436 6147
7544 8406
5893 217
5445 4422
8168 613
2336 5132
7368 436
6737 279
6722 6968
6520 2356
3215 1728
7124 627
5944 5470
4992 6105
3333 7444
1797 7102
9420 3232
4191 8503
4806 5233
3952 1487
4295 82
7997 5785
1974 7599
2203 643
4137 2730
9852 6294
2398 6456
2155 6251
764 8712
4064 1519
3550 9711
5705 8503
9517 5471
7728 9839
3826 4778
6456 1792
5721 9694
5040 5221
531 3506
9006 8919
1298 6486
2425 5477
2391 7608
4195 4292
5924 5775
9382 6295
5360 8129
1509 771
9427 957
1465 5315
1331 1401
7398 308
9043 4367
8524 3451
7970 850
1033 8009
6034 2418
4080 2319
6958 2986
902 6210
2315 380
8554 7165
1307 2349
263 1403
7067 9233
9136 5761
2275 9144
4506 7889
8735 6998
1288 5323
6270 6247
3670 9741
9277 9458
3056 5654
2924 9540
4457 5679
8553 2551
5879 8268
3744 828
3296 4287
6973 7598
6727 6871
9496 2426
3519 470
8913 1448
8119 4916
1547 9276
1627 32
9656 7841
1124 1865
7319 6806
8558 3146
6261 1384
8147 7881
3026 2627
8437 1973
8647 1654
9094 177
2636 3084
7774 2447
9560 7744
4410 2106
3467 3915
5345 7558
9337 3720
9232 3336
1629 6339
6434 914
8203 7721
9725 4068
6253 9657
5291 8471
9680 7777
8970 9326
744 7886
7830 3649
4042 9277
7122 4765
8068 3614
8143 5236
6599 487
4277 642
7018 4595
2429 8906
608 5039
6345 770
4649 3571
2592 178
8088 9552
883 3191
5479 8821
2464 1617
5276 4593
2346 5883
1362 1585
9301 2517
6491 8940
2384 7980
1284 1704
7031 1005
1540 7909
6182 2422
3871 3254
6720 7304
805 8680
3300 491
8223 9019
8963 2672
2170 488
5553 919
173 3609
931 2238
4111 5606
8398 9267
3021 3013
9564 9364
1001 7057
2010 9454
8073 5968
6175 6890
377 5251
5016 2483
6511 4951
4648 3967
9427 1860
4615 6396
5353 7722
8651 6744
6417 7576
3214 2876
9462 5241
9428 1121
798 4017
5320 7947
6385 4261
6792 5925
8742 2143
3801 2013
716 1366
7098 2214
6648 2398
5726 6210
6692 1671
965 5710
9420 9259
7771 2123
6520 9731
5712 2710
8239 7367
2789 308
7072 8270
1449 1649
9594 544
1871 4421
5762 3291
6357 3718
6853 9646
2619 2525
7408 2623
920 2074
2404 2446
5960 8999
7602 4214
1061 7433
4304 1909
1483 8772
1996 5218
6216 1329
4204 7241
4779 9888
233 9020
890 1696
1760 1797
1847 7891
755 6253
4443 1114
1956 646
6608 7395
5998 9260
6422 6174
57 144
5521 6678
5332 5802
7770 2566
1294 5815
7790 81
527 1329
3382 511
8873 5613
5809 3152
9733 7954
2830 5492
3044 9501
5741 9567
3439 1364
1640 4236
4587 6760
8969 7084
498 9797
7035 2286
1003 3337
9116 2897
295 8658
3954 9240
3787 5449
9663 6332
431 3404
4413 3950
7908 9270
4757 6054
4193 8009
3762 7721
646 5431
8229 919
4495 8506
5244 6267
8136 820
8290 1538
6352 3588
4328 6095
2903 9474
8551 8415
3212 7680
7427 8664
9810 7682
3473 4760
392 9483
6100 6637
4902 4390
8166 2692
5669 3752
7171 3778
233 6534
8719 4776
5805 3392
9888 5978
4119 3795
3306 9644
7315 7341
2991 9140
4677 8879
2486 8598
943 5311
8847 5521
6411 5436
8656 9733
8146 3337
2679 4866
2387 525
1925 3760
2752 5639
2778 5027
8926 6736
6960 2698
6843 1992
6764 951
9972 5623
1249 4383
2760 9685
8112 6743
7640 6043
1167 4782
21 5652
5064 8716
9875 5818
4965 2823
317 4065
2198 4449
9230 6707
5275 2819
38 8466
5871 5913
967 8835
3336 3014
9589 1088
1197 4572
7461 4807
416 2060
5803 6975
8034 8168
7001 2819
893 4022
6832 5053
2034 5827
3776 776
1509 2445
8095 1210
226 2204
2474 1390
6345 7295
6916 6278
2214 9330
9655 3483
920 2756
4916 8767
9093 5810
187 1867
5767 7978
975 7631
7547 40
3514 2199
3862 5592
7239 1143
4932 5239
7770 8548
8540 5005
8597 6198
5249 7567
8362 8015
5215 6077
8406 7048
1560 534
4320 5067
449 4943
4143 3365
6498 4522
3846 8919
2793 5230
2136 2442
5440 5746
5936 7170
7721 6579
7013 2001
6944 4759
1823 3419
792 2650
788 152
4055 8173
3595 9749
7973 4915
1096 942
7610 8148
824 9696
6576 6021
6649 9838
7248 8590
7729 3364
6199 3940
3984 6241
9295 1851
2591 9332
4801 4898
6776 2514
8613 8959
614 2242
4305 7172
7909 2205
1679 5729
9230 6169
2265 1656
1895 4886
1607 1973
9432 392
3999 520
2664 2186
4080 9707
7530 8726
1492 8827
6385 80
5639 9803
5751 8320
6373 6197
5655 4136
1549 7523
9089 3061
8878 4456
3626 3486
513 9299
5381 5362
953 1536
7132 9345
7802 3012
1035 4601
3928 8635
8293 7505
8780 6125
4507 4898
6887 1032
1695 9669
7333 829
8476 5993
883 4917
9697 4599
7152 3828
2648 6368
3461 1915
557 9144
5569 8766
6042 2515
3052 2908
549 4525
3449 9683
5705 8278
9453 1970
4105 3209
2837 5361
4385 8863
7602 8780
6612 2882
8872 5285
4134 7025
9739 7398
4117 2783
2600 4473
5647 902
4966 2101
6810 8415
6047 6890
6321 3945
2565 6976
2705 5042
1309 8417
9004 3716
5701 6062
6006 8005
4671 1274
9898 7021
5627 894
6174 4620
4524 1527
8091 9601
6439 4818
793 6285
508 9923
2831 2710
8737 8226
4505 2808
2973 9045
9353 720
3885 7613
9741 7554
4193 291
54 9679
1535 2343
2025 1464
203 3173
7345 7503
7408 8649
8495 3004
2518 2167
4266 9608
5790 6202
614 185
128 9998
5726 8780
4709 9093
1342 3306
7806 7483
6702 9495
8714 3761
9348 7298
9147 6503
4298 7990
4531 9591
284 3470
1926 8651
8382 7631
9797 4196
2768 1017
1562 5661
8225 4171
9879 5007
8583 6664
6317 1992
6564 3446
4498 787
5248 8144
1189 8805
9916 573
2561 3164
7084 7818
3517 8584
1120 5200
8314 1410
6210 6964
9601 2911
7519 6327
6097 8190
5087 9153
3744 7721
3881 5723
4471 7876
6763 1163
252 531
5680 2745
896 4771
1059 8217
9849 5390
4 6488
9263 956
3959 5042
938 1079
5971 9880
1255 5323
5611 4846
8940 4
3214 3944
9440 3072
5954 248
457 236
3018 5310
3770 6816
7873 1573
7547 7595
8274 6231
9636 8141
3800 9725
9740 7429
1283 815
7077 8166
8974 8850
7608 6908
8256 5671
8823 4954
6350 9523
6171 911
5258 1699
31 5927
840 2343
3476 4174
3309 2239
7855 2390
1130 1442
5792 7761
8994 2952
2799 5559
5119 6244
6071 9627
6257 3980
7100 100
451 9165
8105 8643
564 4567
5758 7144
6936 2025
1791 9569
7172 6984
5729 1004
8511 8193
3864 1254
671 818
4035 3699
4447 1301
8141 5589
9855 8657
2247 8128
5198 8345
7242 5023
6931 6653
5541 4038
2570 2904
6251 4074
8210 1555
7199 7616
6237 6440
4469 8064
7991 6035
5923 8917
5466 8325
5403 8919
4847 6111
265 8353
2226 694
632 8102
7641 1257
4850 7809
3997 5976
1256 8746
8608 6540
4150 8012
7545 7915
7846 7986
9383 130
2739 3755
7714 8624
5710 1254
1471 3230
1894 4606
7729 2204
3453 2467
2644 8253
6143 8982
1332 2293
8059 235
5821 9552
2051 7680
5710 6253
9512 4091
144 188
835 3116
2560 3223
6111 7475
3171 7054
6088 7907
1202 7817
8040 2870
6442 927
1254 1450
6780 6425
2124 9028
9673 4884
7022 2824
4601 7379
7039 3599
8293 5401
9687 8447
4807 6439
1873 3573
7305 8796
7339 9722
6548 3625
5742 6908
740 9114
1089 6198
9392 4271
480 4013
8193 3674
3247 8081
8797 8906
3814 4477
3622 5599
5720 4448
9107 3049
8139 4669
3794 7359
443 9875
896 896
7335 4352
3887 5755
8847 9205
1259 7939
3421 5887
2011 4714
1847 803
9530 9772
6793 5768
7903 8168
1426 9087
6833 986
4029 1513
9333 7632
2830 9189
2218 699
5849 3614
5375 5714
8528 8339
4251 199
8823 6598
5505 1770
2822 9451
4196 4088
6522 1741
3411 7744
1054 9110
6963 3587
1312 5364
6888 1936
1917 3188
316 6363
9462 7236
8177 1386
7828 2163
1803 3076
4410 5839
4737 9509
7109 5666
7258 2815
1846 8041
3786 7347
6139 6279
1697 3390
5168 671
8997 4191
3003 5333
3530 7527
8419 3725
7707 8748
9842 7464
4005 149
2567 6510
5196 4730
9858 1966
6667 4543
5941 8799
6561 9884
7465 7154
1836 9867
9820 9765
3263 7927
8694 4476
9898 3860
6268 8430
6861 4669
251 4135
657 3466
196 6096
2176 2118
3193 6881
9097 5790
8646 8615
5212 3134
2996 1635
2831 6934
9190 9659
7269 7358
2040 4871
2774 8471
3127 6265
8217 2336
6139 7753
2047 6219
3637 6673
9735 6574
7706 1383
7166 4177
9249 3360
1249 3636
2434 7336
3898 598
1380 5161
4587 9544
9245 6452
8652 6914
9043 9321
5786 7203
7957 5273
9911 2997
6831 3451
5579 4456
9699 389
262 8919
1837 5221
3472 1711
1030 6049
7989 9102
4172 1736
8987 5867
3891 2851
9317 7543
6183 4763
6611 7219
5952 3258
8940 9402
5980 5762
3377 4086
9692 4581
3517 776
1456 9557
2763 8167
3779 4300
2430 5691
1022 210
3853 2273
2241 1868
5248 5481
8260 5675
7838 462
8813 8020
6392 5022
8556 1693
6987 4515
1200 2392
389 2461
5671 4786
3847 3650
2545 3947
7890 4187
8511 8295
1000 9514
5287 2609
4415 3971
8146 7722
4892 3916
3657 3655
5205 2487
2903 5554
664 9974
4124 8899
4196 8474
5193 8326
7394 119
6653 3666
506 4614
32 8986
2549 3125
1625 9096
2808 7523
190 4666
5013 2494
1670 3723
2763 3065
6097 1847
1141 7468
768 7389
8754 5368
3370 8781
1693 2230
817 4103
3801 3054
5757 5264
9528 4076
5484 8145
2890 1096
7371 402
9917 8564
6263 6013
4559 6795
8447 684
3704 1685
9940 3509
3874 841
6802 2715
2117 4189
8590 8019
9828 4602
4128 2592
7938 6755
9146 9457
2334 5149
5089 9463
9082 3132
8437 3961
3514 9432
7045 633
4482 6569
2819 1951
2705 6522
2144 7319
6998 2422
1564 5629
3887 7430
3515 8866
2060 1487
5461 1457
6515 2080
8057 2660
9931 538
1145 9503
3169 6946
7083 8487
5251 2082
9769 6645
2660 5183
7009 4855
1178 6057
6002 7074
7141 1234
634 5951
5746 6714
7572 4984
7065 6392
2588 3599
3954 6721
1959 4967
9600 7645
8113 3643
3705 5819
4587 3801
2014 2090
9511 9703
5066 4660
2665 1629
5980 863
2099 4533
6497 7659
3292 2277
2410 1939
1614 8469
2846 1332
5043 4384
6064 3693
2646 1217
3721 7130
6777 3156
7873 5226
902 318
3216 8524
8957 5558
3066 1034
989 1177
4422 1395
1149 8687
47 7860
872 2278
6236 253
1766 7613
9571 6864
5496 7134
6693 8961
6961 6776
144 7268
2484 7976
6155 5253
8196 3500
2434 342
8035 3146
4388 6764
1536 1732
6085 1136
1019 8312
9259 2479
3104 7557
5642 9816
1531 8203
6690 1654
3386 6324
2446 5521
401 1176
8167 8367
2552 4845
8728 668
4363 5448
4997 7528
1870 4543
7113 9278
2118 1852
6299 1627
9449 3104
2976 6899
8503 1737
5574 7386
2273 3532
290 8004
8454 5986
8932 3156
1777 4289
2297 6133
1521 2132
2972 1030
918 4762
1018 9669
2987 6031
5290 7565
8212 992
7235 5769
6084 7080
2430 2068
1630 4574
3845 4630
9084 6880
5069 9934
4680 9142
2040 8623
6156 5563
1198 6319
438 1563
5402 9335
7591 8108
977 9389
3056 9659
4272 9781
2345 5846
8088 6564
3032 109
9055 9878
4748 8149
4745 1166
6306 358
8829 3187
733 4857
7820 6830
1430 3048
283 1703
4809 2604
3984 6291
1700 8478
7304 2473
2670 2381
51 593
4940 8045
8341 8782
7653 255
5741 3632
8472 1141
1782 4815
6602 5606
8586 3558
9515 923
6287 9393
8891 9390
8939 8629
5950 6849
796 8716
6147 5756
2343 9543
1277 2061
8865 9869
2703 9087
4568 7701
5386 8136
7572 3362
3208 5494
1869 5011
9485 1144
8035 6010
9759 8185
9926 9277
4245 8575
1633 132
1979 9037
3760 9136
7943 4349
7525 2261
8778 7879
6098 1174
2152 2915
4147 5188
4819 3336
3951 5703
8421 7614
1990 1881
4403 1465
5043 6129
7374 2188
8882 2752
5582 2560
4323 4763
5397 9473
9094 1933
1985 9940
7506 5165
7544 3762
5343 8796
799 8286
7283 9251
9626 6631
4502 5679
7161 56
1146 3023
2029 9552
6258 578
3119 17
1878 6440
7284 3539
889 3668
3909 8725
8424 3535
5436 8758
3258 5851
6159 9792
6669 1640
2300 6282
8162 5979
9171 8265
9135 6498
6012 4974
8308 9141
2264 3120
1960 6273
1151 5122
8709 9424
4662 8367
6215 4974
4819 8489
2958 415
2323 303
4272 2377
627 6049
4566 758
5656 5689
7107 6381
7283 8242
958 2079
2455 1959
2369 8731
7853 3378
8611 8832
8350 7137
2628 2559
4957 95
1885 3847
7700 1334
3821 5268
4445 444
2726 5233
9619 8968
2251 4918
2695 4984
8055 6078
8667 5871
8801 9712
3761 2533
5371 6072
6435 1408
3540 5285
8886 1966
2934 4922
4314 2849
8524 499
9220 8072
5533 7231
711 335
1116 878
4027 7302
7642 3020
1623 5936
2819 5300
2930 2113
2867 9711
962 3342
7706 7287
7136 1338
1527 3293
8027 2686
8889 180
9541 9136
8942 6899
7447 6080
42 5909
6114 5525
6985 6958
3756 6753
69 5486
8530 6461
1165 1939
5500 2921
9034 9597
5341 2377
8072 2817
1594 1025
3754 8236
9582 2916
402 3054
9427 1728
8215 6757
2928 6866
9841 8496
762 1247
774 4343
6042 9052
65 4665
7326 628
4627 1223
348 91
3843 1108
8336 9534
682 4355
9127 1002
2927 1716
652 4776
4146 7950
6166 1589
4066 9337
9828 7290
8281 3673
2769 294
6847 7737
1830 1635
2892 4162
6960 6007
9010 2712
1865 4171
7615 9947
7093 1974
1157 7592
599 5982
3408 4421
3224 6731
4222 4225
9506 8890
1289 3200
6851 1128
5254 7803
1952 6242
6085 7376
5603 2411
943 3929
6654 2549
1306 4743
4681 5812
238 500
6006 3864
2011 1402
7405 4622
7931 2240
4867 2084
9236 37
4783 2358
5615 794
1231 2242
7066 9670
8356 106
194 2309
6739 8054
2588 1858
6046 7636
3507 3385
6928 6985
2190 7548
6974 5554
8131 5582
4126 7389
3660 7292
4566 3830
2049 2595
6330 2305
7890 8173
7640 3023
9956 1489
4302 9610
1336 234
9922 8504
175 2514
4602 2135
6901 8520
5174 1724
5970 4300
7860 3378
3467 1952
5788 1844
1386 5525
9627 8323
2327 178
6484 5778
8246 3254
7488 7988
7832 2024
9393 6858
2340 7617
2442 2667
3575 4579
1148 5210
707 2114
4694 4295
9873 7444
2398 4267
158 1895
8890 6347
8968 212
4178 6423
3212 302
5588 827
5692 9215
640 6422
1501 9047
2487 7809
612 2824
8449 2840
9815 146
9930 3364
519 9566
3288 8310
3545 9693
3377 7532
3448 3362
2822 5490
5803 9093
5498 1523
5205 4961
3348 7615
40 6363
6305 9940
4712 1397
2677 5983
2518 4453
5161 6004
9150 5114
3450 1228
5330 4423
9183 8786
6016 654
2560 2877
828 9258
9061 5723
5793 5472
5393 4961
6060 4097
3950 8806
6509 2448
3770 6992
8871 2823
4817 6789
2204 9796
8996 1615
9688 5966
1851 7089
9997 9301
7791 4986
6951 7398
347 8878
1501 823
5460 8746
7027 8346
7581 639
7772 6396
1483 4749
8407 7494
2135 606
2957 8348
1918 6035
7914 4711
1138 8630
9061 4684
6651 5750
91 3243
2138 1808
9648 3350
7711 4435
9202 795
9321 6557
9390 2807
3140 2610
1702 4694
6388 2407
9622 9266
1144 2756
746 9093
2334 263
3015 8905
8019 5371
1444 86
1659 2156
3921 77
4862 5973
3504 5565
1209 8822
9435 9627
3731 1515
9305 6926
6379 8514
7395 5464
952 1664
7408 5735
4043 543
1692 4675
7341 5024
9158 1047
3516 8007
1639 7130
7227 8574
4674 6282
3029 1978
7787 6217
7685 8347
3281 9204
1708 3675
9191 7551
868 8716
8235 2803
8141 1466
248 4200
1502 8864
3008 6819
6309 4115
9596 824
3142 5503
3869 5656
1326 5404
5625 6086
5629 9634
1397 8804
9355 5920
5468 3452
3868 4713
2094 7520
8370 2424
3703 4029
3559 709
466 2793
386 8712
9587 4301
1570 1704
3394 7117
412 7983
1981 699
3978 6952
1553 1252
7751 5849
3527 1085
2323 4212
4800 4377
5268 8312
1262 4291
1043 2801
4628 5637
8105 6925
8797 3674
9787 8849
5543 374
3572 1121
7792 6357
459 5387
7822 9355
3759 2884
7643 3796
2113 5823
1588 3881
3880 6894
3376 5268
4331 582
8453 1182
4224 1240
410 5871
628 8362
1235 8713
3178 6902
4162 5275
2530 825
5028 5332
9510 4816
7896 5472
5476 4907
1752 2599
9214 4127
1303 4574
6571 3526
4294 7095
9362 2591
3215 9860
5025 1913
1631 3829
7618 7804
144 646
7407 8867
9623 3722
4909 7277
4343 1744
1584 2672
3107 1756
5609 6474
4313 6841
3214 9045
1721 7814
2096 6541
8770 8756
9374 5871
1650 1538
446 7264
468 1983
1837 5004
1303 1627
9716 1369
5123 5559
4787 9278
6214 2863
5311 6895
6374 5300
6166 1113
2344 8336
1051 8827
2133 4978
8153 6055
2451 740
1287 8067
2086 6786
5148 3355
9057 6062
4062 8178
307 5160
2843 4977
9072 3998
9882 1082
4967 8176
702 3539
192 8579
479 6288
4633 2892
1677 3576
3669 5560
754 1648
4304 8453
2662 6067
4252 5351
96 8346
1267 674
5269 2412
3243 4862
5062 1599
3883 3837
9884 9464
1703 7674
6270 1766
7910 424
3880 3467
3918 2422
8466 5537
9333 1920
1361 8073
6549 825
3743 530
8593 1405
4662 4870
6694 2997
1633 7466
2922 6149
5960 6599
5083 8456
2512 8249
2412 6224
2808 7338
9916 9309
1511 5926
6485 7563
4804 1384
5794 9789
4408 2929
9602 9837
7168 5737
6253 1264
1980 8452
2337 1159
6508 7483
6664 407
9172 8143
5176 4543
2967 6744
6103 1271
6794 5407
3615 9087
8618 4707
3176 2927
9909 9200
2169 7734
8781 7392
6752 5391
6009 2710
5249 7332
3028 1517
2848 9695
7980 9570
4573 6106
3506 563
3017 6783
355 434
6009 1938
9173 6534
6325 9725
1155 5423
991 1283
4504 8009
3925 7451
633 6486
723 2592
6799 2151
7343 5621
2880 5748
7596 8036
7093 6291
9740 3312
2886 8322
6212 8160
7393 5165
1862 5123
4184 6077
9278 5927
6342 7813
6806 7894
3164 3646
2560 4707
2210 2894
2361 6646
4484 2613
169 1531
2695 4625
5581 4067
9240 193
6355 5207
7622 7908
9743 3050
8914 1530
2694 7951
4385 5727
677 6585
64 9157
5490 623
9692 3946
225 4626
2529 9066
2303 9026
7388 8636
6515 7092
1685 7282
6408 7376
5556 160
785 1654
4767 4132
6269 6908
4078 5702
7273 5760
6259 5813
983 6076
5717 8363
5371 6952
1727 4819
8230 2992
1574 105
209 7313
947 1007
6675 9258
8789 1448
4052 721
3742 4669
1384 236
7644 4318
5503 7347
7747 411
4616 2580
2297 5729
3205 6548
1876 6294
6067 550
1769 6188
4620 7355
594 9532
8437 5690
8290 7981
3227 4392
6355 2156
279 9476
6085 9182
5601 1690
4159 1090
9910 5208
1773 561
1501 3472
9707 3931
9367 5893
2511 1109
1009 6603
1512 8789
2837 2529
1342 5629
1776 3642
2225 4729
147 1535
9307 534
6745 4277
9614 9951
327 5939
9911 438
4912 9249
5957 1954
3528 3177
223 5775
3087 2275
6328 2923
7513 4059
1929 858
5218 7367
9451 2033
4136 6422
9458 9962
2104 337
3777 1654
8193 317
298 5072
6439 1972
5826 2378
8615 8251
3324 615
880 4265
3024 818
8276 2564
8259 9601
8433 9073
2845 7447
5288 4083
3911 2440
8890 2652
3329 1562
4784 2778
9756 6998
443 9212
6204 7850
294 8148
205 7976
8178 4627
4828 3951
2217 2148
4797 5200
8754 397
7244 4978
1982 359
5167 1586
6738 6267
301 4422
3476 3695
828 6980
5338 5379
2111 8664
5062 8607
6253 8176
9358 6976
3424 4447
4460 3103
4706 312
806 3004
4438 2696
1880 1921
3153 6027
4867 1165
613 5887
8436 1413
3671 3153
1420 127
2118 3801
3928 5675
870 1046
4978 921
3027 9946
4776 4703
8270 8023
3141 7504
4777 8431
6927 8080
2089 9936
89 4846
3148 2954
32 2524
1309 8480
7043 9632
7759 8607
7352 1130
3728 3702
1841 4562
600 6855
1330 5256
7896 422
57 6085
7066 711
2912 4138
5933 9790
6571 2311
656 6851
786 6057
9084 1186
3356 4660
2976 3433
9158 8159
6413 7114
9046 9761
1792 1396
5212 9878
630 2770
7757 2323
1464 3980
7289 2369
3882 3464
5177 1787
822 2910
1171 3722
5369 2543
9274 9460
5253 1095
6840 3309
2588 4414
8795 8108
2316 1918
5233 6709
292 7617
757 1986
25 7445
5702 2993
9211 9942
3375 6366
2534 4895
2351 7820
3923 6645
7965 2158
6109 3352
7657 8311
306 6455
7134 5391
8908 1100
843 9562
8803 1253
8539 5800
619 1498
8810 6877
7228 6139
9257 3024
6167 7337
4058 6659
1112 4043
7374 9741
1522 42
7148 1271
2958 9323
1477 3705
5377 3090
10 8924
732 3548
1746 653
5823 1830
1475 7175
1093 2105
2545 3864
3928 8594
1333 9571
4102 7050
2447 981
6825 1285
617 3206
1711 4085
3035 3416
1228 9177
5510 4129
94 1074
9565 6528
9332 2700
8861 9625
3293 7185
7614 9643
9269 8423
9092 8307
6951 2711
6651 60
9195 9697
2255 7878
7146 445
4397 7581
2020 674
2034 729
957 9360
5683 4786
5542 8535
904 4732
7064 1917
1844 4309
8553 9672
7531 498
250 7626
3025 8002
9875 8739
2405 9087
832 6248
9174 4368
6818 1348
4960 3056
8133 6285
2844 4580
1323 2844
8894 6270
7231 4893
1579 4339
7907 6965
7432 3616
774 7202
4387 4282
160 2636
2542 2489
4943 1711
2971 3741
3667 1097
9603 7925
4507 8754
7796 4392
1779 8218
5276 5768
7256 1624
6919 7651
9419 519
3714 9600
8550 6935
6981 8629
4834 3920
937 9065
4392 5042
9286 9931
2837 6047
1544 8151
1741 8992
1325 1019
8774 2411
8370 1444
9518 9318
2492 5152
4951 8503
2541 362
5656 7427
6056 6595
5266 3787
2334 789
983 9837
9237 7417
388 1253
3947 283
1592 9201
2768 233
1436 7841
2845 6014
472 1660
2094 1323
1478 576
2834 2786
6562 1891
3322 6485
5676 4456
550 3405
4030 1143
6816 4273
9462 5352
4432 3123
8289 7671
6538 4618
4661 9412
3966 4368
793 1361
2601 2888
872 8559
5870 5538
7028 7610
139 7455
8481 3615
8167 2637
8278 9127
1963 7223
4641 9630
7891 9952
4922 6961
9151 7378
5272 3985
1078 3876
3344 6550
280 9325
5563 4489
5137 806
9139 3270
9610 8202
9529 7792
4861 8546
600 700
2856 7620
3518 6515
3682 7637
7495 2022
4252 5351
4848 3942
4559 2490
4637 8616
9090 5282
4554 5815
3127 2604
6911 6191
7463 1000
7669 3601
435 7968
7313 85
3355 687
3485 2437
8281 8763
9751 9112
3995 4625
9259 83
7662 1166
8971 3984
1808 5955
2823 6720
9754 3897
9549 3767
2559 2578
2182 5413
8803 1344
5663 7889
7057 2189
6139 7937
4222 5514
5032 1693
8563 7325
7715 138
4627 4892
2425 5481
2763 3393
4124 9856
4092 524
9957 5654
7989 8437
2153 2067
2398 6172
8245 5500
5815 8866
6973 4824
3862 1908
5961 3924
64 9471
6084 3664
7861 9944
6937 7290
484 8253
1736 8332
7724 6025
3256 5124
5187 3898
4035 4410
9764 1445
6711 627
7271 6363
6567 7554
9460 6073
14 6891
5687 6011
6771 83
4863 8971
6056 5347
278 1166
8433 1737
2172 8876
1316 2844
4375 4618
8476 9662
6609 8195
2013 765
6743 3631
3538 6660
6018 127
4267 4644
1232 4999
3380 8903
6669 6146
5203 1162
9063 3298
9698 5941
4796 1796
4163 7513
2926 5007
6204 2830
6044 3071
2603 3060
5211 551
3014 3056
782 6639
1263 6503
645 5647
9691 9735
9298 4950
8814 7276
4133 217
464 4352
9424 6822
2753 4856
8911 6388
9290 8375
6362 759
1963 6205
6236 8590
8052 3453
9897 5031
5257 8347
5138 7594
5152 8816
1850 4946
4801 9943
7188 5495
7403 9242
1457 2591
1327 4877
2088 6882
6298 2822
3692 5686
3940 3523
451 871
9281 8463
3101 8978
7443 982
3934 2134
4536 1806
145 4550
4821 9852
9166 2051
7975 7393
5375 9370
4075 9866
4992 2252
1219 3615
444 7782
3425 6675
2144 5026
6750 6311
6337 3289
4186 8406
7341 3596
7802 9395
5885 1001
2955 8876
4950 2234
6673 605
5463 1959
4243 379
3725 8737
4733 3161
2873 4894
4018 7915
3029 8285
9746 5438
3654 946
4979 942
8166 1698
1210 9010
3118 520
2018 2161
6340 9852
9370 7187
9092 1249
5795 7884
8810 1795
898 6570
4164 1798
9052 3085
6420 4270
9154 1285
4638 2744
7822 8749
6940 4529
8180 5013
4763 5092
9920 6423
7681 5424
7129 4786
725 8167
7127 7324
114 1543
994 6608
3051 3852
2051 5512
52 5701
4919 4429
5590 8345
9649 5510
48 7990
6848 8619
6178 9144
4311 3650
4852 5691
5308 8356
1133 2703
4745 5547
8836 4975
9561 3564
3107 1316
1927 2519
8648 8300
8592 6630
7976 3558
4746 6966
8799 2313
8083 9045
8375 9290
3079 1080
9020 7189
565 7798
1056 9221
9212 2682
2827 1266
5558 7763
6342 2261
6702 6806
5477 7444
5469 2236
1521 2137
8342 5705
4365 7903
3110 4364
5602 2586
9227 3303
9415 1225
4083 4801
4513 9407
756 950
4897 5591
5728 1653
4337 2610
5987 2011
8507 5919
6600 8749
1648 6279
4965 9502
781 1554
7084 3971
126 823
1603 8906
6756 3830
1988 2305
6491 8590
6835 5467
9641 5449
6924 9965
3625 7860
8836 4544
5001 7695
9150 3059
3232 6989
5175 2816
2726 9004
932 6168
4500 1183
1717 2819
2283 6975
7412 7275
2275 2808
6366 3854
8496 1025
4285 5811
2602 8579
4844 1750
6563 8151
1773 9495
765 1959
4893 6795
4188 9609
3474 1160
2039 9796
2853 4573
5855 3382
8453 9704
2178 5675
1566 6492
5464 6302
9654 3533
8536 5282
3001 3903
5281 7698
3583 9943
2607 9451
4706 9155
899 8212
6557 170
1193 3642
5407 8054
2816 6044
3235 4075
2885 5741
3281 3280
1665 5072
1954 4083
4006 9271
2756 90
4684 4569
5110 4448
2373 4943
1141 8943
5712 8310
3706 8155
8498 4873
2508 4571
3000 8482
8583 6875
1919 2748
4695 7934
7001 2791
2759 1359
6259 6076
8470 5013
518 6476
4263 781
5053 286
3944 7925
4710 7511
2321 457
5574 5725
5975 1562
669 1789
341 2360
8342 9385
442 1334
2863 752
5351 502
5162 5888
5766 1482
2256 9212
5508 1300
803 7218
5673 9247
1262 7013
5507 922
3589 529
7595 111
1535 948
4865 2276
6722 7897
6 9363
7908 4401
9916 106
8273 1553
3127 7092
9442 6755
490 8515
2841 1582
7258 233
6185 1951
7274 7722
6548 8325
8669 6334
8539 6982
5257 4201
9971 1898
6231 8066
8110 265
8744 6488
7636 5278
2864 5019
1729 9595
105 3652
917 3290
8747 3041
3663 5018
1427 4312
5892 5494
2313 6516
7180 1866
1871 580
5759 607
9955 1498
6760 4614
9562 1326
9222 8379
9417 5829
5872 5355
3404 6610
4113 4395
5219 1340
603 4968
4222 5131
4546 3926
5414 2910
5001 4402
7673 6557
2476 8650
8293 9188
9941 1634
6066 9827
8296 3963
4879 5021
5338 7994
1929 916
1990 8865
7034 8742
2322 2824
5937 8443
1953 9631
9208 4891
1873 3609
6036 2771
8930 7203
9560 1563
391 8727
2853 1967
844 2333
2007 7130
6883 2194
6443 2169
6931 7622
4665 2884
594 7845
5083 2392
869 5226
9198 1461
3345 6307
5432 6943
440 4291
333 5871
4968 1056
3745 6633
1276 2979
7404 5502
8127 3315
2533 8681
4558 4306
2170 6547
3843 8049
5786 3740
5457 7770
7396 8812
7739 3450
2257 3375
7668 8990
5212 3684
8581 4874
1735 3
4794 8110
8650 6173
5777 9009
5338 790
3321 9471
2311 1450
3919 8744
1980 7069
9002 3474
6186 7076
2083 3191
4534 9203
1600 1449
5372 3317
5651 1373
5302 4943
1846 7160
7759 6347
7547 9610
6449 1365
8903 1358
7750 9520
3014 88
7663 3490
8504 7802
2492 7580
1161 8200
1530 2975
7843 3158
655 5813
3569 3683
2259 9662
2260 1174
8283 1792
8078 4776
3439 997
3121 1666
2874 4204
2018 2259
8753 7863
9311 9297
5608 5851
8686 7149
6180 5399
8403 8796
308 2000
5353 8834
870 8669
4642 2621
4968 9141
7102 3817
9901 3158
4298 3697
8957 7293
1309 3970
4141 1165
2310 7907
9163 9109
5076 6031
1822 5895
915 3745
3146 5357
2940 5647
2890 4028
6118 3132
7438 8210
1884 3428
1416 4747
5878 1075
1969 4647
471 7621
4707 339
6967 4566
2798 5327
2574 7638
2814 9541
3069 9032
740 7490
6580 9177
662 2566
7350 1804
5087 5490
8024 1134
6258 5177
7370 3299
9974 7752
6374 2877
6622 1354
890 4676
8499 1758
9184 5160
8558 9556
7496 8019
4391 4255
154 269
1214 7723
4437 5502
5924 5011
9587 8791
4968 520
5389 862
3439 2745
3763 2411
5935 9247
6154 9781
3596 798
4682 8672
9481 7860
9803 7159
7662 8584
8041 8804
5352 3173
7016 6544
1340 7639
4580 5929
9328 1309
9675 6312
7179 534
7793 2982
3131 7459
8500 8384
6205 3487
3095 2465
6026 8411
7126 4907
4271 111
8143 2204
623 1786
1247 5569
7547 545
8512 4210
8921 9926
9145 9403
534 5209
9410 7482
2960 5733
1209 1917
6652 1446
3096 9910
1311 2148
5401 5523
4755 9468
9145 2501
5752 2293
1272 5894
3031 9700
6377 6646
8578 7808
9913 894
2035 4747
3485 8173
3718 7289
2594 3648
1953 4997
23 9664
6791 3468
4403 1444
8343 9631
1756 5377
3705 4892
1352 4452
3617 7537
2388 2768
5650 7887
5031 6550
9415 3075
5523 1833
6007 235
792 8835
4924 2938
8698 268
4324 9637
8398 7220
2737 4846
459 287
6920 7666
7064 5650
1168 3732
8245 1720
8408 9041
6297 1197
563 4460
5569 1494
6441 7249
7235 675
9424 4652
5068 2336
3764 2649
4081 8299
4457 7365
1534 7718
8758 5952
3916 6303
905 2981
8551 3935
3707 303
6617 9776
3756 202
7720 6266
5870 4978
3498 4321
5491 9546
1789 9802
7067 3713
4981 9443
9670 5663
1889 6542
3934 5968
5499 2444
2155 6704
7257 5881
3672 6603
886 6499
7125 7277
4261 3335
6275 6186
6663 9673
1125 9872
5094 2693
886 7670
4216 2114
4952 7273
8796 1175
900 1247
1468 2857
1137 3123
9319 8017
7818 3771
7722 2652
8152 3114
9101 5697
2011 2364
5528 9700
4345 667
2214 7514
7319 7546
3978 5558
9825 3500
3909 5377
1065 2787
5450 9372
1845 4038
1351 364
3936 7683
4513 7627
5207 9275
8241 986
598 6067
5589 9578
66 7215
5304 8887
4302 98
6847 9618
104 3247
7392 194
6699 3058
1667 9628
6382 1719
86 7625
9267 9626
8535 8796
9888 5333
5623 159
2521 4676
1693 7252
1266 168
7349 6765
1770 5605
6949 8582
9580 1829
2729 2191
7133 4135
8114 2389
6078 2201
645 3524
6726 3725
6417 1039
8489 5512
4364 2999
518 5463
7590 978
4383 4815
5575 6535
4115 1849
9596 8177
4462 8223
6974 8788
9824 4533
1541 5746
5750 6958
4875 7633
3141 9069
7540 1156
6013 8185
3290 1038
1510 8871
8818 7257
3576 1297
4916 6184
4899 6129
4353 6524
3396 3624
5490 6355
8351 2918
4618 7775
9180 1764
8075 2593
7682 7288
5463 4985
1895 1928
1414 1328
1478 8066
7075 3714
27 4641
3836 6813
9508 4340
2043 2231
1608 4544
9095 7860
991 4768
5887 71
72 4696
1588 5201
1057 131
2636 2645
6609 5337
2014 3997
4409 3861
5637 772
9530 1124
5215 6930
7167 279
1153 137
7017 7533
7326 5908
9413 3364
3389 8845
9504 9336
5900 6875
4310 872
857 7392
9188 4898
6215 6184
24 2873
3813 6531
5502 5464
7241 6061
3788 7224
1473 6891
7843 5902
1441 7435
394 9359
2487 2312
1789 1246
3092 4232
9549 4476
1428 1441
9092 9130
352 1652
556 2710
9636 6757
8778 1240
6216 6842
4273 3402
5452 3564
1754 6728
7007 5366
4720 8536
3179 4853
5625 209
3780 1263
3107 7088
9192 4305
7770 4259
5957 3301
6381 1453
7079 5282
817 7945
8493 5775
9131 9438
6476 6245
4559 9568
3775 9952
7798 3293
7966 9352
5720 8769
1341 3614
6140 2281
2869 4059
5826 8471
5165 646
7744 5815
8757 5230
3678 8969
4770 7421
7016 635
2019 6646
339 4412
1062 900
1344 7128
585 9507
8351 1859
7008 2144
2102 6431
2094 6196
7823 7492
5405 1902
6934 827
831 1004
3434 718
1290 2698
2633 8003
4095 3827
2131 9973
5914 5952
1594 9254
9566 2691
9959 5543
3619 6337
2150 6562
13 3130
4556 3488
2879 5652
638 3563
7809 3343
3814 9756
4750 3089
4785 2292
7348 3342
1801 907
7518 6943
6095 9192
1051 412
2981 2295
9070 2634
9293 9368
8659 8018
5922 9088
7128 2818
6761 222
834 3581
1313 7533
327 1285
3545 7473
8905 373
8024 3010
9515 1818
2703 3630
5004 2963
2982 8643
1507 1654
3897 4463
1313 1478
9540 6795
4990 6561
3406 1006
1172 5566
916 3270
5804 2516
2935 8039
9154 7175
4946 9185
6400 5263
5930 2547
8625 4754
8970 1348
689 6131
5345 3372
5401 304
7527 613
1803 4561
1583 9472
2996 7945
4037 8743
682 9490
7506 911
6866 657
4440 8843
8304 8943
3933 2593
1728 5578
6952 4891
7593 259
1796 7570
8283 4297
54 3660
732 1323
2695 8247
2783 7772
4113 9302
1405 9264
6225 3105
9158 2445
1269 5380
4315 8761
2949 3056
6561 3967
4699 7811
9553 8417
1424 3582
5922 3798
9065 6934
5408 6101
4565 563
7973 1194
5187 3704
2464 5268
8079 3796
7630 7639
6747 4225
3701 1183
2459 210
2281 9708
4409 7880
5738 691
4746 7342
1025 7003
205 4272
287 3830
8073 1491
3435 8172
5695 779
7395 4747
146 6599
335 900
7109 9140
3986 567
9762 5864
7741 8068
8619 494
4654 4230
7212 7809
7284 8449
2177 1658
3856 2273
6898 8993
7260 1944
4591 2314
96 6969
6560 7696
2932 5132
2576 146
7471 6326
1817 8970
7156 3352
4731 3357
6015 9264
6454 7722
3341 2983
2642 9618
6474 8884
2299 5601
573 3905
8648 7202
3798 5313
5182 7288
6406 3137
3608 993
786 8925
8380 8361
1033 5846
8714 1664
5590 4034
8726 7908
3301 6286
5857 7435
5342 6095
3136 183
2104 8781
7128 4348
7188 610
8264 5114
4631 8161
7106 4501
2335 6904
9556 4221
3946 9700
333 8127
949 8554
2695 9972
3011 2943
9856 7245
4422 8799
7940 9439
8156 7307
6990 5068
8409 8818
4095 3805
2607 6870
9927 4302
1776 8983
1048 4300
3793 7556
4898 4197
3247 3311
5365 2480
1029 2077
5353 1293
9380 2897
6311 8764
8409 3180
8590 1446
4664 175
2514 3864
4304 1402
6587 8190
4675 3919
9268 4832
4232 657
4918 7733
4285 4103
4343 9959
1507 3802
6293 2740
9148 2184
7104 1557
1695 6288
4043 2181
6980 5243
3670 6296
6733 3167
6695 4630
1672 3354
418 5821
1522 5315
7823 8698
2265 4691
6567 2986
935 7527
2963 8068
5121 1601
2697 9925
663 1453
6055 8587
893 7400
4654 8812
9600 815
1605 397
7423 3120
4907 3055
4999 5308
7035 7137
9201 9358
6288 187
9784 4434
8195 5625
7378 7195
6673 167
9590 8024
5511 5418
8412 5729
5116 3776
9338 4891
710 5747
4258 3061
2682 6849
1244 2013
5899 3577
6371 5399
494 8313
3625 3842
4836 2442
9741 1354
8287 1385
2082 8700
3799 2300
5485 9730
8642 5801
7678 9082
3080 5201
278 1798
4998 6008
5891 502
6844 3029
2703 5080
1068 7537
718 9389
792 9974
8396 5829
2683 6280
3828 7252
2063 4931
1541 9130
9771 7073
4554 349
8228 1787
8403 7241
6309 354
7304 6584
4945 8833
4737 3428
1085 2439
421 4655
3371 119
8996 9216
4502 2150
1501 3065
1027 5720
9128 6830
8972 5004
3233 8804
9358 4184
8418 3603
1344 7104
8997 5818
5022 4932
8927 5313
6851 8015
4024 2372
7959 6949
5160 9148
5293 9007
5534 1267
7825 7028
1601 8936
5138 3524
91 3757
1104 4600
3530 2848
2720 970
3721 9439
1382 8129
5686 1649
964 3524
372 557
1475 5912
7966 4367
1561 3264
1834 5763
6379 8195
4233 9704
3695 7528
6621 5361
137 8270
3592 3757
74 2316
3987 8155
8234 2185
7931 5385
444 4521
42 7324
3935 4634
4106 4812
1164 6413
2274 3020
4705 2377
5084 9035
8082 5519
8420 1676
8913 9013
2276 4085
9448 8349
8619 1693
6846 1935
2963 9925
5578 2779
4377 3552
4290 6202
1305 2452
7326 3245
2401 4580
1979 3278
5382 7628
6909 2289
7681 3802
3104 9073
4706 3275
364 273
1021 4264
4036 9339
1175 6291
9780 8012
5498 3869
7406 4894
3087 2230
8888 3760
3647 7252
8076 9360
2471 1819
4158 517
7539 6664
5679 6375
4128 7360
1863 902
8779 6171
7775 4203
8794 2156
2235 7266
7555 7044
1180 1706
3983 7242
4590 5121
8526 6072
2299 8640
260 4691
4423 1174
5264 7402
1843 1596
1566 7994
6623 9370
7868 4769
1384 8378
2735 5586
6220 1103
7226 3914
3591 8767
7939 726
137 8951
3906 4713
5443 3792
244 8767
6439 8176
2505 3159
3754 7009
3886 200
939 970
1197 6198
4970 9662
2639 1448
5395 1491
5314 4248
4305 7657
6256 5500
4311 2698
5270 6384
9608 4780
3908 773
9852 4426
9248 304
3780 7188
634 740
4238 4595
6593 1449
3239 5999
9692 4162
2711 6265
8458 5528
344 4159
8050 5318
9776 3947
4259 959
7241 6241
1209 6670
3571 5530
8925 5633
5899 3174
3735 8347
2884 6487
7820 535
7653 2559
9799 3931
8651 2098
9124 1807
6357 9852
9076 3503
7120 1895
4030 2217
5204 7837
4605 2059
562 5036
6934 3082
8489 3235
3845 1471
8687 3607
42 567
8141 9565
7111 2254
6147 2675
6256 7451
496 4270
1066 3013
5533 8377
8904 1570
2526 5973
3146 9150
9676 5981
8564 3845
484 4845
2983 4103
1585 1126
3480 2967
7079 5840
4741 9564
3347 5991
3829 6833
2480 338
3862 1300
2708 8710
5318 3609
4861 9679
1335 5179
1024 9141
690 5789
3836 6817
6960 3737
3828 1194
2622 6199
7369 952
2389 5895
5340 2665
7188 3472
543 894
6358 635
1552 9006
4551 5794
1361 6859
4659 1044
797 3285
8297 9731
6010 6353
3716 6599
8283 3155
7397 7841
1049 2430
6845 8790
8234 7918
4995 7983
4674 9695
2473 9338
7784 8228
9453 9942
159 7703
9509 7130
6002 4477
8911 6853
8475 9304
7503 3506
1928 7786
6204 9898
9064 8223
5244 9686
4940 5714
7366 5617
4926 7976
8791 7138
9262 3718
8077 960
7940 5209
8194 4964
8220 443
5227 1299
1375 484
8041 4266
6189 689
3003 6969
3637 1266
6666 3123
2782 8799
1951 8054
8219 2569
4524 8681
3932 6512
5697 3346
6021 3084
6283 7526
6141 7344
320 1039
7502 2739
8118 4729
8013 30
7127 3104
8041 7020
8288 4951
4704 8206
7374 2371
3399 3545
497 9797
6395 1179
2347 5049
1892 5265
3777 8242
8254 4529
6363 1628
2588 6512
4568 6504
1237 5800
3377 6669
7498 2751
6683 4765
7086 2183
5549 3581
9971 2072
9235 7316
4493 7950
8647 9540
2104 4494
2676 2638
8203 3058
347 9121
9924 5572
2103 4567
196 1783
4429 1212
3996 6202
5755 5894
3 2812
2259 5545
618 5773
9035 9872
4698 2993
7533 2883
8251 3246
8568 2999
7809 6154
1586 5703
3864 2544
4565 5461
1233 2982
6322 5581
4198 1417
640 1378
1352 6739
1483 7285
1112 7964
5486 1311
5765 5471
835 8864
4076 1943
1246 1141
5365 2085
7470 7204
4847 8819
9619 5496
5532 1016
2600 2914
3384 656
5571 4161
3716 8925
7621 7075
6551 774
7367 4289
887 540
5266 7431
1809 6564
4234 4319
8275 6892
4424 2060
9508 4058
5671 9236
6313 6268
367 7946
6724 3840
4465 9659
6401 4804
5729 2878
1112 5600
4718 6328
3746 7285
6333 7433
9774 232
8389 8038
7134 9600
7739 5415
4433 8214
1059 1007
3752 8873
3588 9443
3470 6476
6519 7385
3249 9474
9943 8823
1031 646
112 9460
5795 5336
4228 9403
6043 7442
330 817
8179 4568
2674 512
4609 9236
5202 5696
5110 3426
169 4076
3374 8160
9775 7437
6917 9042
4126 7511
2603 2283
1808 70
4658 1953
5357 5559
5622 7346
1002 9749
4962 3616
4371 8166
7954 9578
4286 8499
7549 1491
1452 4362
4923 354
7887 7549
1885 5252
4718 8590
9903 7556
3838 4583
4386 8194
3931 5457
3157 9758
3136 493
351 3085
4020 2648
5954 524
2528 1114
6440 5948
2029 2521
9732 9444
5383 817
3643 7950
2994 8164
2935 6373
6309 4189
8324 9150
9917 6172
7644 6700
6150 2837
148 9239
7268 3471
1410 5176
7622 3237
2274 6930
5182 4028
4033 8852
4773 2839
9005 6585
4018 8480
7973 2937
8371 5374
4875 7771
3651 6886
307 4582
158 6088
5706 7822
9946 4574
591 1588
373 1651
810 9451
649 9291
8939 8577
869 1888
7152 3539
373 710
7664 18
3273 7270
8655 347
6781 4301
4552 990
2819 4314
5635 4272
3973 331
566 5540
8623 6117
2303 6890
2628 5423
8665 7419
694 9958
3625 2821
9331 2721
793 5694
7661 2901
9907 6115
948 7237
1941 3567
4575 717
4282 5682
7927 1596
1510 9550
1677 8404
4014 8364
343 5561
3706 2794
1744 2660
2327 1782
6240 6280
5884 6595
1582 9007
2075 3688
5588 7898
6024 4344
8752 983
1695 3699
6400 9247
2813 6919
9166 4603
6678 8373
8074 900
3221 9724
7938 3547
5122 3195
9332 6747
5832 774
7982 6500
5727 2089
1838 4395
1343 488
1834 6397
5676 5131
9908 6516
8332 5912
6907 8153
83 4296
3485 9298
952 6948
2339 3910
7481 1259
1933 6170
6942 9475
7107 2728
5642 2867
3779 2284
3973 3211
8981 3866
5869 1052
4821 5656
1358 218
5755 1887
6741 6831
5561 7894
7321 8511
7143 5596
2461 7071
6352 1883
6702 2234
6591 8077
852 1208
1335 8102
8535 62
8265 7533
5727 4298
2425 2242
8696 147
654 7270
1300 4646
1460 9670
9058 83
869 575
4878 6059
1580 9448
6093 6667
9012 4095
8744 7359
1437 8308
218 828
2977 4343
4891 9565
3332 84
1433 442
8789 9655
9738 7227
779 2477
6717 8163
9859 4069
9463 4378
1647 2837
7 3222
9728 2022
4826 119
8592 9151
2581 3682
1846 4438
3647 2220
6629 6743
1329 9457
5474 1878
1244 8062
7781 9574
4370 3932
504 184
2189 265
9267 4781
8851 203
5287 1547
8124 5370
5346 550
702 9126
5335 1491
8958 5709
3507 5461
9221 3797
2766 9006
6057 6251
1534 534
8426 1245
279 5052
4336 5105
2574 6696
403 4112
4720 2822
3368 339
353 440
1208 4615
3355 9873
8008 4890
497 7585
9248 4627
4258 3913
3436 3448
8841 1573
6801 1529
8331 8466
7772 608
2001 9240
5451 387
6339 1190
4677 9255
8109 4978
1189 1670
9742 7338
9552 4051
2648 7355
1370 6382
7650 3545
6634 3944
1153 9564
9251 9066
1567 5595
9777 5719
1617 6557
7546 2838
3216 4767
2415 4074
9123 7612
1806 4175
7353 5152
4111 6021
1171 8264
4832 3705
9099 142
7184 6594
7541 7019
1553 3070
1323 8166
1943 9267
8593 4857
4407 2908
7248 2111
6778 6462
7512 656
2260 8926
7386 4623
1641 3489
6499 4272
7919 4577
9329 8168
4402 3478
7760 2521
1193 7786
9866 1918
1942 8186
6070 9381
6231 3877
9760 4296
4564 359
6146 9275
8922 9789
7769 8767
7732 7369
9989 7679
5483 1721
333 2472
4283 3120
8436 6722
6335 8519
478 1037
6409 2920
5311 352
4802 1643
5893 594
8651 5595
524 5207
4266 6491
7687 5236
2183 1837
8659 9815
6232 5186
188 3746
8446 5738
2879 9673
6013 8430
3911 6594
6538 5732
6687 7982
325 5390
6362 3757
6100 4658
6623 4333
6982 9597
8296 580
5000 8952
3043 9491
6354 3443
7349 8320
5679 6812
9491 8793
7965 3735
2057 9578
6356 9874
1759 1302
1016 9594
850 1739
5543 1495
5272 4063
5603 4262
2716 2839
6444 211
8834 9014
9037 1812
335 1102
2168 7101
8549 2501
9397 2325
9630 7376
9343 9965
8760 9987
242 1744
5585 7990
3042 7578
4037 4187
5197 2527
2672 8625
204 6411
8275 4596
4554 2780
4824 7166
2772 3629
5837 7553
842 3390
4754 5401
2 2301
9924 6874
4347 3971
1236 5023
1771 7020
6291 6366
779 2981
8530 6151
4983 3373
6605 8212
8083 586
4319 6687
4961 8535
4627 9710
6878 6569
712 3385
1981 2958
6269 2134
9562 8477
7129 7941
9927 93
4279 480
5157 8520
3102 1774
6007 5250
2916 427
2846 3444
6175 737
200 8645
2439 5839
3700 3796
5108 5493
1390 9390
8556 443
1655 967
5603 8796
6106 5949
946 4776
3198 8459
7995 4613
1587 9248
3355 7081
680 8226
1742 8145
7719 587
1550 8293
7718 2649
1381 8509
6772 266
1616 6385
3260 4476
9630 7406
7478 5702
1164 6114
6642 4958
2528 283
106 3003
9675 9627
2738 8660
3536 2495
8692 6966
2197 7967
5781 2001
2213 6637
3707 8415
2145 8843
660 170
5403 1494
2914 9754
4895 8554
3656 795
1075 3406
7520 4488
7292 1311
6148 7081
9378 6096
4244 9420
9326 2413
1145 6442
7258 2540
6989 206
8666 6958
673 5012
3198 3238
8379 6464
2571 8741
8613 4471
4942 2925
7572 8590
5180 5677
2888 889
9853 916
7793 7145
747 7354
9740 6385
8734 4368
6318 8130
5165 3316
4137 4720
2412 3140
419 1520
2609 696
8876 7657
5595 5802
2657 3473
7243 5168
8022 5754
1149 1640
5334 6655
6485 3176
6908 149
6268 3739
2716 5722
9613 9299
6244 2420
2976 7979
5376 2071
2945 1906
9107 4547
3350 4021
363 3760
4025 831
2159 4289
8783 5712
8180 3072
543 8126
2582 5490
3695 9462
1084 2354
6301 1829
2382 5488
1333 1342
8422 7731
6040 6818
6228 4494
4047 8586
4540 4528
1868 5221
9191 7286
51 5241
6063 4489
1969 7925
453 4578
7298 3192
4864 8717
4305 8455
996 585
3028 2476
8596 3049
1647 5925
534 5438
3432 1102
4805 1321
4443 2596
2896 561
6274 1478
7321 7199
410 8926
7049 4144
7896 6482
347 4674
6097 927
9727 3742
7885 6058
8771 7662
3618 6015
6978 2599
6136 3752
3246 6150
9282 8205
5136 4412
9750 210
4204 6856
9444 3641
17 2819
5171 3721
7216 4594
7778 9350
8403 8676
5505 259
2512 1797
9987 6762
5750 1018
8210 1160
5725 1024
2904 2864
4780 9553
7351 2220
77 9391
7497 3664
9974 7730
1314 3945
7340 6667
6897 6012
2996 9038
480 280
1429 6750
6716 3348
8518 8214
5213 2354
3032 7364
9391 6965
9350 5496
7707 9626
4918 3724
4224 1539
1437 4070
3372 4203
8375 6957
3320 7110
5001 5776
6550 138
6246 8458
3418 3895
5619 834
7256 4823
9917 9134
4622 9931
4619 5755
3819 175
1754 434
2466 7927
6748 8482
4215 6169
336 5498
6394 6739
8659 2613
3287 2344
4253 9527
1466 1322
1452 9805
1728 4582
6333 4435
1173 3396
3716 5486
1911 1784
4342 7312
305 947
6057 9350
2673 727
1608 3100
1356 2674
5094 9814
7730 3500
5852 9632
3589 9652
651 6965
8089 8465
3629 2059
6988 6904
9403 4556
9557 8893
9966 7982
3702 8522
6004 2621
9286 379
6226 7137
9759 9008
4611 7574
4469 5502
2330 7332
8261 4817
8120 2079
6560 7383
7756 7071
7958 278
5086 6790
1898 1960
7932 2159
1239 7160
3436 6175
3512 1291
3665 6270
4660 5929
5602 5490
2161 1158
9750 4501
5104 5840
8533 2275
4852 5768
691 3755
5419 1519
4907 106
6920 7220
9002 8056
5777 6068
1239 2153
536 5583
5839 2275
7414 1295
6529 9437
450 2340
6651 6935
7092 1189
1751 7019
5245 3981
7612 7876
9216 4836
3068 445
6493 6548
5740 9232
2359 5131
8753 2486
2961 9821
8403 3941
4438 6852
3278 8977
6902 182
6830 7455
9248 2340
8732 9031
9270 9486
9041 1725
5792 2768
4803 9321
7466 8380
5739 5881
4467 9355
2718 6500
6718 3882
2054 5878
4592 141
6136 4858
5084 1814
9259 4823
178 1400
6416 2592
3812 8744
7089 7728
2905 4087
4288 3554
9697 9230
2777 7421
5739 619
7258 4343
6333 4512
1693 4106
1016 2199
8583 4798
9929 5802
9962 5366
5357 9432
9848 7910
3512 4251
7441 9338
1193 913
5745 2771
9563 8957
6516 6414
3235 589
3562 215
8056 965
8729 4285
4220 7289
1066 5850
6026 8885
5794 3560
3046 68
6277 2206
8870 4832
925 1864
3360 6482
3949 3082
4834 1823
9622 5118
3579 418
9967 9040
582 6764
8352 8147
7982 4149
7237 65
1736 5691
9588 7886
4524 4847
6420 4992
2559 3778
5633 1447
4849 3205
9964 5871
173 4709
5012 1772
1052 6684
4623 6126
5212 9825
9581 5665
2673 6218
7936 6497
5448 2680
5694 4534
4916 6002
9538 4977
6163 8458
8823 232
7986 8175
4391 1640
1197 2185
3316 4312
8160 7471
9653 8188
4405 3602
6069 5113
7686 2179
7168 7527
4314 2473
3748 872
6039 2487
7307 9918
2197 3641
4598 9878
2749 5303
3837 7763
8589 4526
9211 5542
5481 3807
6368 8928
9690 4454
6128 5402
6328 3577
4951 5321
6858 926
107 4656
8299 4374
305 402
6869 235
3377 6666
5956 1470
8731 4857
269 2732
7588 3096
8166 6261
5360 6692
9071 607
6344 6393
3373 8308
5222 7551
9693 1221
5952 6423
1184 9172
9719 9370
2607 4139
2606 113
7478 6824
1256 7434
7134 1319
3598 3535
874 4091
3360 4654
4798 812
4640 8520
1507 7029
4465 7173
3827 8504
4991 4691
1112 4570
8089 3653
7137 9810
8740 7543
9038 6107
1622 983
7735 7971
9934 1097
429 3852
6042 9332
6454 1384
48 3672
5244 9331
7027 2214
31 8413
7681 8069
8355 5949
582 89
8285 5446
5437 9638
3554 4935
9132 3220
6206 5542
9736 1906
9243 6832
1530 9544
6205 5077
2806 6996
4067 1459
38 7548
7027 7934
4803 2334
7579 9180
8440 5590
5617 6347
9906 9780
1869 514
9014 8070
2294 7531
1028 6401
4907 6184
2729 4036
9696 4259
1408 8530
4484 848
8004 3704
6324 1059
4724 2480
9010 6985
721 2849
9839 9835
2918 1864
7867 7080
3360 9368
4378 4029
1458 8364
7622 1809
9098 4371
5211 7089
1910 7710
6748 9350
6247 7318
3965 3894
6216 4686
8572 6630
4066 3123
7602 4328
9501 4625
2877 1070
2783 9596
3602 4223
6774 2976
1512 8136
6069 248
1580 1274
3280 4392
6925 5591
3095 4082
2742 6035
2067 96
6220 6229
2620 273
4180 9639
4040 7030
3160 8665
608 3211
6818 6087
6679 3007
424 3389
9979 1524
8403 1248
2860 9989
4891 5171
2245 362
468 8416
6412 82
2958 1608
157 2573
115 7455
5388 9586
2653 4142
2036 1019
7794 7048
4638 8041
660 6340
4495 2197
7758 5038
269 6098
6255 5890
3036 4705
5761 6163
5974 8653
56 1225
1939 3607
1391 8525
2386 914
9641 1304
3545 912
7311 4360
1148 8297
2102 5746
548 8200
3892 1751
2291 2661
6633 1479
9751 1833
6167 259
9730 7873
7870 7735
7299 3581
6629 722
4318 2461
8974 3003
5191 9549
9356 3035
3458 7690
3088 5610
4180 8056
5770 3467
7674 1717
8793 5679
4206 8053
8342 7814
1073 4719
9739 9936
2529 5143
7306 3070
6051 4007
5091 7619
7839 6572
8040 6290
5530 944
2633 470
9110 4738
4298 5323
5090 4054
7261 8310
3171 5833
1427 4120
7437 8121
5837 3929
6962 8628
7490 8845
4166 2289
4844 9674
1509 7313
8547 2821
1816 5201
1064 6408
943 5810
9071 1512
6137 9459
1182 6925
458 4623
5904 5181
8176 9586
5590 9698
9080 8881
3563 3321
6301 4121
1703 968
9175 939
9848 4491
3947 7420
3313 4744
6687 3664
1961 6096
4403 9406
6295 3950
5079 1225
1800 8324
6250 458
6448 1697
1691 265
6429 538
8993 8446
5618 7266
2175 7212
1616 8443
1235 5528
4494 7561
3453 2328
2658 3233
3966 3158
3362 5813
6744 8132
9204 800
8487 5462
8113 3073
3965 3366
2506 8388
7832 5746
7277 3593
4225 141
8598 9817
9215 6840
7374 1640
7222 7785
9721 2693
7689 3841
6429 8560
7600 5342
7173 3524
3947 7053
6344 8227
8830 3869
212 4747
6193 5916
6480 5024
7408 5439
8166 8801
131 1764
2841 1574
3999 8966
2836 2833
7121 9426
841 3637
9069 5419
3325 7373
2735 540
3815 588
74 4891
5557 2634
9915 9289
2442 5069
5418 958
531 1640
8950 5186
7308 8726
9105 8123
6042 1285
4850 6966
204 2144
5948 5410
8143 8918
1548 8048
9238 6692
7692 3492
1144 38
2508 4465
924 7298
6370 2989
5090 8349
7169 9880
1132 5680
5239 5735
7377 2599
3725 4815
1310 4746
4696 9289
4821 1128
4060 2625
7516 8232
7011 9771
3063 7524
1458 6240
5354 8132
482 6082
6280 1830
7061 7131
1107 5629
1001 165
8591 1443
6469 2952
6576 6076
139 6206
6765 9102
9491 7998
5297 8398
3994 2896
9337 1512
3683 1221
4356 3928
5254 2525
3220 941
8096 3493
7258 7064
9946 9472
9912 5521
7529 9190
7352 6146
8476 5304
8637 7835
4008 7376
8324 5445
7163 1931
7006 8771
9157 6718
5678 9253
1929 3570
9002 4719
5184 7885
8154 2052
539 3269
4012 2672
5727 450
2989 7014
8624 2564
4766 3781
2859 53
6274 4565
7254 7828
4362 1390
3145 4523
9503 5735
995 2329
3331 3093
1597 1800
7037 3855
403 535
9054 4432
3395 6451
5978 9545
9667 6169
2583 681
1323 276
4990 3087
3242 814
5938 5200
9639 3467
927 1640
893 1737
6338 6166
5209 3013
7216 9923
1559 6372
3518 286
1284 671
7903 927
7412 7911
8432 4342
3253 4950
3382 218
5413 1844
1689 311
1853 1861
8375 5712
1892 87
4882 1820
5656 8368
9792 6933
6621 8539
5250 7212
2531 3446
1592 8553
5283 3350
9497 5345
590 9229
2472 2186
9085 1665
570 3085
921 9554
4763 7018
1938 2455
2160 5673
1616 9189
6402 2785
5134 1044
3380 7110
7420 3654
3220 6990
6642 9099
5519 8688
8115 17
3369 5454
6341 7987
9127 2078
2326 8316
2698 6462
8283 7721
8285 5969
5991 6932
545 5964
2058 3454
364 1141
4490 3473
8547 1234
9263 4071
5678 5512
7220 6290
1858 202
7070 85
1040 1758
9973 5703
3895 7080
9811 83
4076 7211
7337 5186
312 4645
7761 8232
1561 4235
6041 9010
8281 7447
9744 4439
8713 4507
3235 6659
7494 1767
5419 7215
4158 233
3392 2058
7341 4415
2784 3867
4827 6019
2221 7585
778 9019
9551 6972
8284 4216
5974 8249
8117 4833
4919 9943
5086 2783
7223 8251
1457 7821
6154 8152
280 2236
5968 5403
6825 2684
7690 794
5212 6980
7325 9278
9383 9903
6547 255
8970 5042
5125 833
9437 4311
1998 4692
129 4134
9103 1797
4643 5546
4406 8000
9666 8141
1501 3093
1260 3437
7092 3120
2148 8731
8446 9651
6813 1478
9327 3521
4467 422
1306 2196
3177 2826
5692 9382
3238 9324
9886 9727
7438 453
7876 2950
8725 6121
744 4038
7804 4155
1821 8026
3687 8669
826 308
5337 2779
5026 2896
844 2395
3004 1488
971 5382
2422 722
4168 5712
5970 2797
3014 1439
373 9916
4532 833
9692 6393
1561 1758
3852 1312
5991 6639
6259 61
133 2688
2252 5592
8808 1820
5761 6338
155 4112
7260 172
2651 2444
7801 9942
4157 3351
6344 7419
8535 9914
1162 4050
729 3486
4723 3912
1431 8728
1174 3293
2970 1365
6836 8024
1019 1152
9831 2432
1769 2531
3519 2453
1558 9980
8062 556
7289 367
4855 1713
7815 9060
5597 3602
2276 9540
8374 3734
7974 9821
6481 5000
1523 4474
7446 2990
5029 222
9287 7288
3894 1755
848 8986
5935 9670
785 9636
9559 9586
806 3788
9449 4846
5891 966
6846 5111
8318 9323
3524 7447
6431 2167
5563 1980
7989 3246
6514 2568
6196 7687
8743 851
4324 6164
6526 2896
2880 6705
7459 8161
3388 8231
5159 9637
3233 1713
1885 2497
326 9640
8359 6704
6962 661
4626 6242
8400 8737
3007 4116
5851 3379
9192 9789
9323 9225
8118 108
9906 5278
5155 9716
6432 4710
4361 9772
4866 9208
6653 6718
9571 2360
1549 8575
4283 5120
4089 4367
169 134
1716 8621
6679 4196
2229 8242
1068 5837
6872 3782
6153 2679
3592 7096
6406 6492
1535 7120
672 1664
1033 6172
5998 3021
477 6158
1123 5763
1427 6288
9357 4339
1013 1383
8765 2996
9842 8453
3317 6432
6930 5583
760 9263
9634 9765
7657 2661
5012 113
3641 1477
5083 6973
6453 8600
7291 5596
6785 4116
8028 904
190 4157
8622 5500
5222 2452
7716 7823
8167 3145
4657 9144
2778 2579
6791 184
103 8957
4984 7932
8840 2092
931 7588
3611 8917
3025 3783
8363 6507
6456 3541
7608 8123
8729 6396
7306 9919
4353 6098
129 4745
8106 4187
4597 6064
8332 7742
7652 4480
6250 5243
893 8423
6721 7221
7852 4331
1740 860
3963 8788
2507 4380
711 2111
2216 7301
9325 8665
3380 1584
5575 938
8084 9487
3708 6454
728 1427
4018 3676
1077 8063
1228 2070
4541 6856
7217 338
793 9395
9811 8847
3169 2211
4294 2141
8413 5304
8261 902
5806 621
7632 8157
9820 9226
1934 5151
8504 1218
4334 8664
9694 1419
3396 7102
7002 9865
7996 5923
4736 2094
3577 5095
4285 9640
8339 7162
7175 6937
2304 773
5983 9013
2631 9011
3481 278
705 7140
2574 3267
6982 8036
2826 890
7060 458
1764 5169
3808 3317
3907 1166
5858 5018
7520 1961
6702 7984
135 8636
9439 5179
9342 4613
7442 1249
1468 3327
2737 5989
5007 478
3034 6143
9810 4147
5789 8085
7395 9688
6071 5177
1872 2059
8694 7848
7069 725
3408 7605
8848 9822
6358 7055
3954 4864
8712 7813
6910 538
643 5991
644 53
849 2754
8659 5810
2137 6024
5195 6882
8760 5921
8541 6384
6954 1896
8529 3519
7507 8487
9103 6458
4822 6028
1723 7706
4619 695
7853 2188
8696 2246
2441 1057
6351 6341
8688 9455
2568 3614
4630 5488
9590 2675
5929 6294
8803 7966
8205 9969
9255 1679
5418 3577
1250 1671
2879 2738
9902 3563
6038 4447
6335 2662
7381 5785
8 362
1406 4633
2023 3473
7783 4489
7823 8806
254 4993
4536 4159
2276 435
616 3867
6477 3444
5076 9449
8160 3651
5123 5160
9563 126
4307 3103
6310 99
148 7752
9229 2424
3781 2623
5759 4692
2665 3168
6250 6198
7391 3809
2085 9871
2954 4387
760 9155
5631 9733
3578 2463
7436 6257
1941 8185
2984 8961
2482 1906
208 6964
9939 8995
6934 8719
2701 206
3372 701
7621 8602
2044 2627
3314 5615
8493 7100
1276 5394
9803 8340
6631 1447
9597 8598
1143 2234
1859 8868
473 3158
2886 7706
5066 6121
6315 9101
258 3540
2355 9695
5373 7855
3288 8725
9981 4423
7919 6251
4054 3648
9871 4892
5084 2684
1095 2369
6214 446
6098 2521
2398 5829
1980 2548
6629 8429
6966 7786
1329 8567

