118 31
68 86
69 243
243 22
76 605
161 5
130 226
5 32
50 118
163 658
41 207
34 263
39 39
6 25
87 118
87 79
560 259
130 74
13 28
9 99
96 341
5 292
62 185
11 295
96 57
69 15
124 819
59 235
62 59
396 819
94 136
13 819
82 99
57 42
82 105
101 127
80 342
52 147
132 87
11 662
18 99
34 681
142 187
226 195
130 245
161 172
50 31
11 2
5 170
80 3
79 69
33 68
70 16
81 50
1 28
201 101
138 57
34 662
82 14
121 464
2 94
58 83
68 132
121 136
59 16
560 41
13 341
43 147
501 63
61 147
17 5
3 132
118 147
8 662
55 118
96 416
6 25
200 82
12 252
36 99
24 185
65 264
21 147
87 25
101 35
4 136
138 168
124 45
35 51
3 63
156 226
61 170
56 68
183 121
87 114
8 647
62 207
69 63
121 45
82 334
73 21
138 51
151 41
72 24
72 69
28 43
69 170
114 31
20 147
94 25
12 170
51 365
7 200
121 465
26 465
124 185
29 13
70 549
15 766
24 166
34 38
55 647
183 114
76 48
119 42
50 213
25 647
243 69
13 415
36 114
82 213
45 50
8 213
35 259
501 45
4 962
151 86
130 416
68 60
156 8
124 41
79 74
35 464
5 662
46 41
3 622
156 2
396 99
51 22
117 341
80 549
126 167
105 27
56 63
126 292
163 57
56 143
6 662
200 172
94 167
13 74
13 45
82 89
81 330
126 8
130 84
68 189
51 60
81 147
161 81
243 174
29 74
9 51
24 47
56 69
57 320
20 132
142 62
87 3
43 136
126 193
143 259
15 334
161 485
29 52
9 118
39 819
80 158
69 39
20 27
262 153
65 153
151 16
501 147
2 420
50 45
161 153
28 63
56 530
118 96
56 105
20 136
101 292
14 189
132 344
117 268
4 5
28 63
45 330
61 158
11 16
33 63
3 136
58 167
73 31
1 341
39 68
72 2
20 3
152 54
51 48
69 57
172 63
15 245
151 59
25 79
82 59
12 281
69 60
560 185
20 43
50 243
315 69
79 114
13 924
52 45
52 330
96 334
51 207
3 35
34 60
39 320
176 170
22 879
105 32
156 295
142 159
226 43
114 132
243 31
169 309
73 320
560 217
501 523
138 185
119 70
22 8
24 158
11 42
151 70
70 172
118 98
7 153
35 39
201 62
33 64
126 549
70 334
36 84
114 226
12 38
22 2
121 63
96 819
10 24
33 45
36 68
96 549
68 132
2 165
121 38
15 119
94 530
61 962
152 924
243 464
183 164
118 80
183 62
25 681
560 31
65 114
15 819
183 319
11 96
560 62
52 629
105 68
7 214
560 132
4 530
176 27
262 214
119 465
8 82
87 189
56 59
15 16
32 80
8 8
5 80
286 334
43 295
200 420
560 43
29 159
45 334
201 84
226 195
21 207
13 819
2 16
286 41
76 189
70 11
560 245
43 342
70 57
25 685
13 96
58 662
14 13
11 16
81 263
101 35
21 549
41 78
130 924
55 147
70 268
36 80
11 59
24 681
29 523
52 147
142 365
118 58
80 43
286 295
118 74
12 148
161 119
29 136
118 159
25 143
82 498
126 9
73 59
83 69
12 281
58 136
94 193
59 279
262 226
560 80
56 24
4 325
70 629
45 290
16 295
138 617
55 647
132 243
201 187
114 114
243 334
4 160
501 25
286 121
1 341
183 662
34 295
87 99
262 14
32 148
14 43
94 19
50 43
152 27
3 48
65 136
94 51
9 57
21 549
22 35
132 281
124 98
16 193
2 597
4 16
73 50
76 172
222 259
4 530
126 143
130 416
105 96
36 159
151 268
76 259
57 147
22 170
118 24
163 31
201 498
80 41
243 172
62 136
58 685
101 105
57 63
200 344
10 819
138 148
176 50
81 13
57 172
82 5
15 25
73 74
124 415
18 193
58 43
7 47
96 147
58 39
163 819
82 200
24 16
14 41
26 50
43 82
52 39
82 214
94 109
29 597
101 363
55 12
11 295
151 465
222 84
130 106
17 605
13 114
121 334
79 214
110 617
70 51
22 274
24 57
22 143
83 164
4 83
96 819
156 164
83 136
56 25
65 924
560 342
32 48
5 58
132 549
161 69
24 44
14 98
26 9
560 295
226 416
163 416
121 416
72 217
65 924
24 24
12 924
29 52
43 164
262 83
29 98
70 44
6 17
14 263
80 27
8 32
57 57
12 189
226 235
7 16
43 485
117 17
156 39
87 62
9 341
62 3
201 58
41 58
222 51
126 101
20 415
119 213
52 15
52 60
560 3
29 57
1 112
80 27
81 268
2 279
201 127
152 819
62 54
143 464
25 662
152 42
560 159
13 8
243 166
119 274
39 662
105 334
57 334
118 114
87 164
101 118
41 101
262 121
262 3
25 213
81 39
56 485
126 109
10 39
172 74
61 47
29 629
21 99
33 83
55 121
501 189
161 24
126 325
17 13
8 415
121 274
262 147
21 342
83 164
151 189
5 59
169 147
114 31
151 235
152 15
32 39
222 64
152 485
6 319
20 647
262 189
56 99
11 27
21 200
396 16
94 766
21 147
81 45
69 166
243 86
26 47
560 114
80 530
94 66
94 245
163 17
6 57
172 330
315 58
142 16
82 65
21 59
43 193
161 78
10 27
20 64
14 59
131 31
138 268
35 80
105 11
161 101
11 41
4 66
8 158
25 330
43 51
138 195
262 47
172 214
262 71
69 42
50 35
14 48
117 62
132 29
132 118
56 19
110 168
5 158
55 325
70 268
65 42
161 105
121 25
243 200
3 245
200 166
16 153
151 5
21 153
138 168
29 59
138 185
121 98
121 189
68 25
55 65
12 415
62 207
156 662
72 143
114 25
68 200
35 685
152 50
15 464
80 35
32 48
262 154
315 60
6 681
28 172
81 50
72 154
156 80
61 40
2 29
51 82
58 187
151 189
156 74
50 681
124 112
17 98
56 153
11 18
29 60
151 395
138 319
152 27
105 259
15 68
24 80
17 166
11 15
62 334
9 60
2 118
130 264
14 136
58 62
68 121
366 147
156 274
41 54
36 268
110 114
24 245
73 213
87 3
4 74
25 153
26 2
262 50
315 245
56 14
222 330
69 148
117 45
143 83
34 57
33 99
68 96
201 127
20 879
2 243
161 68
226 166
36 259
58 143
58 99
20 263
50 164
201 879
560 69
119 79
5 259
286 268
5 530
20 51
118 172
262 34
65 132
14 243
26 50
13 281
80 47
82 69
14 207
41 213
142 136
560 158
25 319
68 662
201 259
81 28
24 159
79 185
286 143
59 243
143 70
118 15
156 8
11 172
22 83
156 50
50 264
17 5
126 101
118 22
72 35
5 45
501 41
76 264
29 42
87 143
315 77
69 42
124 114
25 464
83 213
262 530
163 50
126 167
143 214
8 43
151 153
8 207
18 114
200 94
72 50
45 681
152 41
65 218
82 39
117 45
315 185
6 274
52 28
56 164
130 136
83 44
58 213
243 98
161 45
12 605
142 629
58 530
396 39
131 28
152 207
12 475
28 319
82 132
32 309
14 207
201 101
161 81
143 15
163 112
18 213
24 342
243 395
5 70
13 263
96 154
56 15
94 325
143 12
183 147
32 51
8 879
52 334
118 41
110 187
72 530
62 274
24 187
79 141
4 89
94 214
33 185
1 57
161 24
17 243
34 65
243 166
36 22
152 647
315 50
262 217
55 34
24 153
2 629
32 180
18 41
243 164
560 2
58 662
10 924
7 330
4 25
6 70
262 119
1 42
41 25
20 136
15 39
5 79
200 170
8 121
315 99
61 685
16 105
20 681
15 39
315 549
18 80
130 341
143 99
15 189
169 27
16 15
132 70
262 622
126 59
105 86
8 158
226 189
82 65
70 365
28 290
118 464
24 330
3 16
226 84
36 64
163 59
114 94
24 50
39 341
163 63
59 658
50 69
21 207
17 159
34 3
43 411
10 819
315 685
138 148
132 168
13 264
69 168
560 200
121 99
65 662
20 342
15 158
200 320
34 143
41 121
41 187
130 27
1 21
2 605
105 330
152 80
315 83
58 62
39 57
96 341
151 213
34 259
20 39
7 292
143 136
176 174
119 15
114 57
396 132
8 170
29 64
201 154
61 51
5 153
126 819
560 158
25 59
34 78
4 79
10 70
22 172
50 77
110 5
35 38
121 166
183 200
9 342
72 60
22 47
34 64
61 41
152 38
152 879
243 189
83 147
61 530
22 65
201 325
124 248
7 189
15 647
501 25
56 5
3 172
72 330
200 41
82 154
130 82
121 464
52 50
70 319
161 47
15 31
26 47
17 60
76 605
132 523
560 416
51 218
87 78
119 416
68 74
143 189
68 330
161 164
9 77
56 16
9 77
117 281
161 24
1 28
25 189
17 189
183 114
22 27
4 59
58 136
130 112
87 647
25 48
21 121
34 21
805934 76
217774 350
266015 160
274207 274
556486 841
123077 413
929814 343
153922 590
819615 447
591649 789
516069 700
882438 172
599639 451
986200 634
17798 284
966496 87
954396 907
186028 837
168014 585
112557 875
11105 370
539229 343
228794 581
626371 804
970406 884
606742 130
723194 637
888326 488
982049 951
576812 279
571999 590
76340 657
788310 85
930259 332
159710 755
675842 812
228141 946
802824 238
854629 78
237199 551
663497 290
353772 646
659111 79
231792 174
122317 286
90182 459
895232 451
801157 750
446663 918
464714 153
412368 586
121041 641
735052 296
311990 512
21692 722
245507 927
760459 818
80237 497
420833 527
409934 175
906597 501
715681 306
933025 663
706742 672
608295 312
623035 727
581979 238
290222 739
85597 863
256317 778
715377 248
910564 582
171546 895
589478 866
731523 761
927986 418
896603 306
667617 745
406694 252
273287 85
363060 935
130883 929
227365 190
518837 982
189278 411
517781 919
982986 212
610552 480
652267 135
855751 990
12105 788
935922 744
429910 847
656663 928
877478 28
573619 769
72768 144
75430 770
335515 807
385923 885
121659 95
282953 268
512099 184
176663 131
595983 259
908923 130
272528 504
828228 758
259266 961
211830 610
79666 523
650843 212
95520 856
98076 443
568284 817
497285 987
962686 41
321038 588
254465 842
285773 562
359890 947
313719 115
770865 700
450098 497
353695 362
244970 441
199503 325
156053 159
918896 348
535380 510
306062 316
225443 174
171693 521
611983 307
171178 257
1431 392
386267 640
951227 699
635526 490
184510 930
822533 293
867880 231
334327 682
486072 513
667775 548
317376 924
454181 62
222385 806
571727 946
8375 630
791013 188
605557 322
253409 608
437519 969
778007 590
869768 977
737793 484
732867 905
307138 755
646430 982
139405 647
798884 105
525305 198
362280 269
157519 44
218165 270
103896 207
309857 493
797835 882
576116 777
341861 637
248561 587
213430 713
905686 62
22571 842
190033 552
913402 741
409309 807
954606 872
519345 243
568295 1
469449 156
307691 758
648646 696
909654 889
735598 585
261308 629
307549 380
9310 24
489944 722
296333 899
425535 279
930354 562
893047 225
334730 211
705480 338
770224 818
233855 321
951837 431
129812 583
187782 886
532460 794
536402 237
353658 801
294257 493
595768 441
116123 392
473526 193
88485 72
123321 850
498317 263
291565 619
360713 424
218525 875
185306 238
205271 934
849575 23
304161 510
449211 545
366344 549
251099 786
623080 27
204364 564
459829 668
467364 360
805166 609
446519 799
114679 21
128521 252
65053 338
658722 334
923266 354
620856 107
286996 782
294843 229
71536 70
113965 845
646589 153
930368 430
893547 863
738126 643
841402 499
984431 702
365016 174
961296 105
585086 612
223619 53
175301 76
655809 600
920763 907
993508 512
538291 252
756116 641
852820 718
415425 31
995147 586
343745 443
808639 926
253362 376
528463 562
902294 133
779560 502
431804 521
573064 403
234455 331
713298 464
595809 149
903299 162
921228 744
659244 983
589307 286
709889 606
237399 419
199670 604
962997 372
469223 932
207038 674
892254 923
910560 697
977473 545
443565 562
846385 363
258418 471
127214 159
132059 181
497940 52
407773 369
933504 600
75418 115
443106 936
995676 909
990378 162
406533 241
459174 988
625810 226
436301 836
885623 733
598831 41
463709 686
388376 901
271519 659
312317 197
372861 673
162630 653
405301 970
793925 97
312859 626
556262 130
858152 818
180338 873
735108 578
569820 259
336048 59
237800 705
833785 366
558999 851
865809 341
475726 105
629152 457
819040 124
381588 498
949857 643
8566 830
974088 969
673359 437
980067 953
73512 920
81617 208
774567 281
893946 141
533084 862
269979 573
65400 139
374756 250
13892 809
400299 31
402185 226
136028 935
774573 338
983837 44
557054 459
958887 209
677315 939
923923 471
879809 362
290331 362
213798 263
977411 546
178401 154
201323 549
784947 640
506919 110
118094 497
308876 524
92647 830
643737 294
373486 174
409090 615
119891 223
851427 104
266376 640
500937 948
747170 113
188198 11
167367 863
704895 146
1113 413
715630 630
150172 889
81245 800
663407 778
322297 916
329217 605
306238 859
294788 656
720343 24
478661 812
751101 686
97825 826
62359 365
237958 813
470155 788
704035 965
375876 737
450874 110
486342 966
929143 554
704887 297
302141 701
921370 275
27536 416
566202 159
704408 367
569817 702
154469 810
777426 880
342835 19
502526 739
817707 355
836210 786
819169 827
306572 842
337856 642
408867 357
992982 810
716775 85
340475 503
791037 941
104767 570
912009 252
269470 494
18245 581
49851 546
613478 38
579886 306
799766 130
661168 882
195319 574
949781 321
524672 277
280177 716
482705 927
46519 83
939633 812
17387 223
994553 231
425404 17
88785 960
259494 276
310782 172
532991 218
307078 774
48023 739
343408 612
105309 552
760747 141
756239 109
37905 78
640332 994
684404 8
294226 526
279521 759
636288 37
881981 961
366556 556
658834 748
131277 545
430030 44
549823 944
343242 347
501633 449
390845 970
579833 680
359867 938
503141 79
618125 236
932099 659
696760 348
693771 906
297961 676
264998 392
620488 276
785386 128
58548 759
556109 131
314945 248
85783 514
544272 488
667633 899
58461 436
614833 702
258385 430
953260 838
977746 969
920122 183
159883 143
969735 421
467254 29
438545 102
314907 257
878969 505
980495 70
122349 863
482376 756
508281 721
812717 842
792468 453
53910 269
366037 853
615494 987
295628 286
621148 881
448256 594
654761 722
581291 696
837414 523
966520 489
267794 49
760647 404
589022 669
233330 177
448283 921
285048 496
470365 701
747911 793
830049 610
581159 625
82329 788
150359 348
738807 843
683131 531
111033 575
545430 309
572376 916
49883 824
436002 659
619340 26
388975 33
504053 609
297969 505
958846 786
439552 949
548475 218
472363 26
794972 574
240719 280
834928 587
907941 166
311198 212
73662 317
211966 560
938997 144
390501 418
96639 498
470367 657
712128 574
433090 106
788511 562
207896 576
31336 599
104205 383
116826 39
433658 898
811531 205
16802 494
280108 815
222672 424
456157 400
843740 947
482313 600
848854 119
413341 707
356494 546
87935 148
370429 465
451214 568
326080 701
207890 46
286080 552
660078 630
340655 543
640670 870
339767 414
40230 218
392891 436
920146 871
457754 762
896167 883
859696 445
67420 413
134432 634
613956 279
600157 138
771083 90
3024 493
82704 493
420974 843
961847 217
719428 831
294543 141
211291 562
220670 668
868735 524
329903 587
215942 857
387256 731
15487 955
310010 344
714520 808
265044 445
578879 480
831030 503
453319 272
947270 22
95826 566
197332 404
355868 831
966166 141
679965 659
473567 615
698104 111
114777 578
25314 565
765103 187
955948 480
41991 596
12460 398
92441 527
866337 815
639087 670
52325 854
458978 920
915075 439
12576 424
70147 831
722734 542
701670 171
896690 847
660090 901
940874 317
564386 717
218889 39
721491 920
842426 152
963916 28
489278 387
996846 396
789799 442
146316 523
593881 83
44381 941
136862 68
881874 720
757457 799
128037 375
78201 700
474443 659
129709 523
693406 756
118517 320
681247 241
42573 827
390372 617
174896 902
21477 940
593272 769
577902 847
460860 333
870178 549
678430 295
186699 812
319612 172
447271 453
567529 264
132007 379
756356 572
234305 228
899257 393
100027 319
545447 425
161187 56
129901 709
921965 331
210222 567
789703 846
602246 896
618515 252
170407 452
184950 813
520645 981
165685 895
274881 571
808349 962
931682 797
133292 693
949389 231
271174 488
151040 528
49597 102
820865 688
20272 431
852515 368
778392 253
411703 649
970149 407
392524 92
857324 672
807776 275
266803 328
543976 49
401012 914
27573 363
360072 362
439928 320
742961 174
38440 152
611114 398
687125 831
366530 119
583077 598
334494 702
308169 505
16930 286
739057 553
527779 755
944349 221
104100 890
105146 857
415769 894
72355 379
778499 510
599987 916
475223 670
329353 617
175274 584
437765 311
214926 841
944273 350
948889 932
52498 224
626827 257
392491 604
515086 533
853603 338
467961 805
29617 530
396566 105
751409 109
594480 985
511524 426
615989 866
356161 85
196292 155
545731 884
859105 279
880659 59
328116 804
607750 245
228716 672
652879 387
20551 836
777415 956
552295 907
254189 165
946363 413
589021 686
176610 144
769794 654
747019 949
741192 274
347646 249
362447 144
421545 359
294116 668
738933 978
476166 425
18017 175
176123 164
962861 307
926805 392
355803 430
503037 375
686616 510
62554 492
852293 161
465770 838
16096 275
574621 609
629496 649
936712 716
64546 974
704192 581
456219 347
934864 855
932020 892
906986 189
695309 862
715924 561
983353 672
504990 992
736337 522
510971 141
105615 759
422117 106
707830 845
992986 730
186532 854
609048 5
297542 479
487303 263
773289 133
324457 688
531058 401
282651 544
541637 927
365449 524
306725 158
704958 241
996177 980
729234 167
51598 805
759983 144
278548 255
726932 75
331827 558
900286 139
685507 213
62482 435
479799 772
289194 476
830977 183
438168 647
633815 481
340933 160
393294 496
942643 364
911663 441
846848 949
120220 287
452358 135
72389 183
537717 208
18285 18
247198 759
962031 799
19013 16
840107 380
677190 669
790899 916
246392 824
653167 982
939425 291
689736 207
115836 2
818884 257
4182 441
209509 18
518282 899
426246 161
584756 846
213924 651
447200 805
514754 804
443952 400
391320 105
618150 930
579565 135
759415 885
351033 883
837325 316
689092 294
623928 483
567972 843
995773 251
596781 389
82017 167
152470 924
110580 314
71889 681
627461 712
649498 155
673509 567
450493 468
184361 705
307103 174
912004 705
492618 956
588451 256
114766 320
648620 787
607609 734
849572 485
880714 553
300775 610
654814 914
308744 851
460983 712
126583 37
453118 110
104021 898
240569 707
415190 296
731703 659
288599 958
727707 680
33287 539
808623 115
95915 141
956903 476
272737 240
621171 37
345524 626
108919 193
914424 673
923864 921
544535 128
293078 985
187518 289
268557 868
177547 695
473782 351
297127 243
741173 286
627176 569
347761 715
747574 139
64141 173
901408 265
645117 645
666453 734
442085 63
136612 847
287794 546
674344 968
294677 584
413039 85
961561 221
541957 941
458064 509
808747 793
703374 830
201288 748
813042 569
594917 593
238099 696
383701 512
608973 900
190338 396
183706 919
363818 788
892220 583
516624 724
333364 642
7424 264
501505 727
451260 952
287693 514
880768 63
806525 523
831330 944
944049 717
37766 510
870620 406
41632 18
391872 444
717643 640
696636 340
761800 875
9105 977
937466 479
200975 207
306645 905
417018 121
618401 139
340780 371
925555 434
474191 533
945813 836
241374 17
627558 348
653617 616
821704 989
296721 979
5045 430
126142 252
960559 807
431951 433
4922 92
980610 370
621056 779
880387 961
604847 131
7064 164
375020 63
83542 679
3690 33
457586 571
151741 648
58331 33
125333 823
465889 815
538723 532
248403 656
569054 812
286744 250
291455 870
589477 370
27641 727
715286 20
801001 737
19155 657
932613 988
326573 863
711968 715
268068 449
185934 727

